2 0.438021 0.508054 0.023958 0.006711
2 0.889583 0.071141 0.13125 0.045638
2 0.868229 0.177181 0.188542 0.053691
2 0.757812 0.233557 0.132292 0.040268
2 0.269792 0.35906 0.320833 0.103356
2 0.241667 0.489933 0.202083 0.067114
2 0.359375 0.571812 0.602083 0.198658
2 0.670312 0.450336 0.023958 0.006711
2 0.605208 0.458389 0.01875 0.006711
2 0.574479 0.455034 0.032292 0.008054
2 0.413542 0.561074 0.029167 0.010738
2 0.365104 0.528859 0.023958 0.008054
2 0.634375 0.610738 0.0125 0.005369
2 0.710417 0.722148 0.010417 0.005369
2 0.71875 0.725503 0.0125 0.004027
2 0.328125 0.434228 0.008333 0.004027
2 0.28125 0.414094 0.008333 0.004027
2 0.305729 0.426846 0.009375 0.005369
2 0.303646 0.450336 0.009375 0.004027
2 0.328125 0.448322 0.008333 0.002685
2 0.346354 0.46443 0.007292 0.002685
2 0.359375 0.468456 0.00625 0.002685
2 0.404167 0.460403 0.008333 0.002685
