2 0.525 0.867059 0.05 0.04
2 0.486719 0.810588 0.042188 0.030588
2 0.564063 0.805882 0.05625 0.035294
2 0.453906 0.741176 0.067187 0.042353
2 0.592187 0.709412 0.078125 0.063529
2 0.402344 0.714118 0.051562 0.035294
2 0.666406 0.66 0.054688 0.044706
2 0.536719 0.632941 0.054688 0.065882
2 0.467187 0.658824 0.046875 0.047059
2 0.353906 0.625882 0.126562 0.122353
2 0.448437 0.548235 0.084375 0.089412
2 0.5375 0.507059 0.0875 0.12
2 0.621875 0.575294 0.046875 0.082353
2 0.707031 0.570588 0.042188 0.058824
2 0.789062 0.556471 0.04375 0.058824
2 0.869531 0.523529 0.051562 0.054118
2 0.857812 0.437647 0.053125 0.070588
2 0.767969 0.471765 0.048438 0.072941
2 0.682813 0.487059 0.05625 0.070588
2 0.252344 0.603529 0.039062 0.04
2 0.203125 0.622353 0.059375 0.054118
2 0.13125 0.529412 0.05 0.056471
2 0.1875 0.496471 0.0625 0.089412
2 0.274219 0.549412 0.042188 0.054118
2 0.353125 0.497647 0.06875 0.082353
2 0.261719 0.445882 0.051562 0.054118
2 0.071875 0.458824 0.05 0.065882
2 0.132031 0.283529 0.264062 0.312941
2 0.232031 0.198824 0.110937 0.124706
2 0.382031 0.297647 0.217188 0.369412
2 0.416406 0.202353 0.095312 0.117647
2 0.482812 0.430588 0.059375 0.070588
2 0.54375 0.257647 0.2 0.289412
2 0.596875 0.421176 0.071875 0.103529
2 0.675 0.390588 0.053125 0.070588
2 0.667969 0.272941 0.060937 0.08
2 0.74375 0.347059 0.078125 0.105882
2 0.740625 0.176471 0.178125 0.183529
2 0.897656 0.177647 0.201563 0.181176
2 0.824219 0.314118 0.070312 0.091765
2 0.915625 0.328235 0.09375 0.12
2 0.536719 0.727059 0.039062 0.032941
