1 0.774479 0.491551 0.009375 0.009217
2 0.50625 0.43702 0.945833 0.576037
1 0.05625 0.435484 0.008333 0.010753
1 0.048438 0.457757 0.007292 0.012289
1 0.036979 0.502304 0.007292 0.009217
1 0.046875 0.523041 0.008333 0.004608
1 0.032292 0.522273 0.008333 0.006144
1 0.124479 0.561444 0.009375 0.00768
1 0.177083 0.569892 0.008333 0.012289
1 0.111979 0.509985 0.009375 0.012289
1 0.116146 0.524578 0.009375 0.010753
1 0.098958 0.517665 0.00625 0.009217
1 0.106771 0.450077 0.007292 0.012289
1 0.120313 0.47619 0.007292 0.012289
1 0.108854 0.463134 0.007292 0.00768
1 0.123958 0.462366 0.008333 0.009217
1 0.154167 0.483103 0.008333 0.016897
1 0.139063 0.429339 0.009375 0.010753
1 0.151562 0.425499 0.005208 0.009217
1 0.168229 0.471582 0.007292 0.009217
1 0.284375 0.259601 0.008333 0.009217
1 0.244271 0.28725 0.009375 0.009217
1 0.261979 0.357911 0.007292 0.009217
1 0.275521 0.348694 0.007292 0.009217
1 0.271875 0.386329 0.008333 0.010753
1 0.248958 0.411674 0.00625 0.009217
1 0.257292 0.37788 0.008333 0.012289
1 0.379167 0.327189 0.00625 0.009217
1 0.392708 0.339478 0.0125 0.012289
1 0.422917 0.356375 0.010417 0.012289
1 0.458333 0.317972 0.010417 0.006144
1 0.508333 0.271121 0.008333 0.010753
1 0.345833 0.436252 0.008333 0.009217
1 0.383333 0.450845 0.008333 0.00768
1 0.427083 0.479263 0.008333 0.015361
1 0.454688 0.471582 0.005208 0.009217
1 0.472917 0.462366 0.008333 0.012289
1 0.490625 0.454685 0.008333 0.012289
1 0.416667 0.422427 0.00625 0.012289
1 0.423958 0.423195 0.00625 0.010753
1 0.377083 0.427035 0.008333 0.006144
1 0.338542 0.424731 0.008333 0.00768
1 0.327604 0.453917 0.007292 0.00768
1 0.333333 0.498464 0.008333 0.010753
1 0.360938 0.490783 0.007292 0.00768
1 0.372396 0.504608 0.007292 0.00768
1 0.379167 0.521505 0.00625 0.00768
1 0.378646 0.529186 0.007292 0.00768
1 0.358333 0.53149 0.00625 0.009217
1 0.402604 0.537634 0.007292 0.012289
1 0.408854 0.520737 0.007292 0.009217
1 0.461458 0.516129 0.008333 0.012289
1 0.476042 0.523041 0.010417 0.010753
1 0.498437 0.383257 0.009375 0.013825
1 0.445312 0.343318 0.007292 0.013825
1 0.5 0.347926 0.008333 0.00768
1 0.444271 0.278802 0.007292 0.00768
1 0.529687 0.31874 0.009375 0.00768
1 0.552604 0.344086 0.009375 0.009217
1 0.511979 0.421659 0.009375 0.010753
1 0.534896 0.40937 0.007292 0.00768
1 0.501042 0.430876 0.010417 0.010753
1 0.533333 0.452381 0.008333 0.013825
1 0.573958 0.33871 0.008333 0.013825
1 0.625 0.281874 0.008333 0.013825
1 0.046354 0.501536 0.007292 0.00768
1 0.393229 0.570661 0.007292 0.010753
1 0.409375 0.579109 0.008333 0.009217
1 0.431771 0.584485 0.007292 0.010753
1 0.426563 0.602919 0.009375 0.010753
1 0.403125 0.612135 0.008333 0.010753
1 0.448958 0.619816 0.008333 0.010753
1 0.450521 0.6298 0.007292 0.009217
1 0.467187 0.613671 0.007292 0.010753
1 0.455208 0.59831 0.008333 0.010753
1 0.4125 0.49232 0.008333 0.010753
1 0.45 0.508449 0.00625 0.006144
1 0.479687 0.548387 0.007292 0.009217
1 0.523958 0.542243 0.00625 0.009217
1 0.541667 0.539171 0.010417 0.009217
1 0.555208 0.519969 0.010417 0.010753
1 0.520312 0.485407 0.007292 0.009217
1 0.529167 0.497696 0.008333 0.009217
1 0.514583 0.498464 0.008333 0.010753
1 0.516146 0.513825 0.009375 0.016897
1 0.45 0.423963 0.008333 0.009217
1 0.447917 0.46467 0.00625 0.004608
1 0.585417 0.417051 0.008333 0.00768
1 0.585938 0.450077 0.007292 0.009217
1 0.557813 0.46851 0.009375 0.006144
1 0.572396 0.470046 0.007292 0.009217
1 0.563021 0.488479 0.011458 0.012289
1 0.641146 0.273425 0.009375 0.009217
1 0.655208 0.278034 0.008333 0.009217
1 0.669271 0.277266 0.005208 0.010753
1 0.651042 0.309524 0.008333 0.00768
1 0.614062 0.334869 0.009375 0.012289
1 0.6 0.334869 0.010417 0.006144
1 0.602604 0.3702 0.007292 0.009217
1 0.628125 0.359447 0.008333 0.012289
1 0.650521 0.370968 0.007292 0.010753
1 0.601042 0.450845 0.008333 0.013825
1 0.6125 0.4447 0.008333 0.010753
1 0.661979 0.419355 0.009375 0.012289
1 0.622396 0.422427 0.007292 0.009217
1 0.625521 0.43318 0.007292 0.006144
1 0.663021 0.481567 0.009375 0.010753
1 0.708854 0.483871 0.007292 0.012289
1 0.675521 0.395545 0.007292 0.013825
1 0.713542 0.434716 0.004167 0.009217
1 0.727083 0.408602 0.010417 0.009217
1 0.736979 0.395545 0.007292 0.00768
1 0.757292 0.399386 0.008333 0.012289
1 0.732292 0.445469 0.010417 0.006144
1 0.736979 0.50384 0.007292 0.009217
1 0.739062 0.519969 0.009375 0.00768
1 0.757292 0.496928 0.008333 0.010753
1 0.739583 0.493088 0.008333 0.009217
1 0.833854 0.379416 0.009375 0.012289
1 0.820833 0.441628 0.008333 0.013825
1 0.898438 0.369432 0.009375 0.013825
1 0.878125 0.354071 0.008333 0.00768
1 0.909375 0.403994 0.008333 0.012289
1 0.836458 0.451613 0.010417 0.012289
1 0.861458 0.469278 0.008333 0.010753
1 0.959896 0.312596 0.007292 0.013825
1 0.921875 0.333333 0.008333 0.012289
1 0.964583 0.293395 0.010417 0.006144
1 0.976042 0.306452 0.008333 0.013825
1 0.983333 0.332565 0.008333 0.010753
1 0.972396 0.341782 0.007292 0.010753
1 0.969792 0.399386 0.010417 0.012289
1 0.9625 0.404762 0.008333 0.00768
1 0.969792 0.412442 0.008333 0.010753
1 0.910417 0.443932 0.010417 0.012289
1 0.789062 0.345622 0.009375 0.012289
1 0.796354 0.31106 0.009375 0.00768
1 0.714063 0.459293 0.011458 0.012289
1 0.789583 0.49232 0.0125 0.010753
1 0.78125 0.473118 0.008333 0.006144
1 0.794792 0.466206 0.008333 0.010753
1 0.788021 0.479263 0.009375 0.009217
1 0.804688 0.475422 0.009375 0.013825
1 0.827083 0.5 0.0125 0.010753
1 0.822396 0.523041 0.009375 0.010753
1 0.802604 0.511521 0.005208 0.009217
1 0.832292 0.473118 0.008333 0.006144
1 0.882812 0.501536 0.007292 0.013825
1 0.863542 0.420891 0.008333 0.009217
1 0.81875 0.352535 0.010417 0.00768
1 0.954688 0.459293 0.009375 0.015361
1 0.954688 0.471582 0.009375 0.012289
1 0.909896 0.470814 0.009375 0.010753
1 0.916667 0.483871 0.008333 0.009217
1 0.9375 0.493856 0.010417 0.010753
1 0.919271 0.501536 0.009375 0.00768
1 0.905729 0.522273 0.007292 0.009217
1 0.903125 0.506912 0.00625 0.009217
1 0.979167 0.523041 0.010417 0.013825
1 0.954688 0.521505 0.009375 0.00768
1 0.929167 0.519969 0.010417 0.00768
1 0.940625 0.530722 0.010417 0.010753
1 0.947917 0.540707 0.008333 0.009217
1 0.915625 0.538402 0.008333 0.00768
1 0.923958 0.592934 0.00625 0.006144
1 0.846875 0.52765 0.008333 0.010753
1 0.853646 0.579109 0.011458 0.012289
1 0.876042 0.59447 0.008333 0.015361
1 0.932813 0.547619 0.009375 0.010753
1 0.936979 0.509985 0.007292 0.009217
1 0.965104 0.559908 0.007292 0.010753
1 0.972917 0.564516 0.00625 0.010753
1 0.965104 0.571429 0.007292 0.012289
1 0.989062 0.553763 0.009375 0.013825
1 0.9875 0.573733 0.008333 0.010753
1 0.977083 0.59063 0.008333 0.010753
1 0.985938 0.605223 0.009375 0.015361
1 0.986979 0.632104 0.007292 0.010753
1 0.984375 0.645929 0.00625 0.010753
1 0.975521 0.652074 0.007292 0.010753
1 0.953125 0.663594 0.008333 0.009217
1 0.954688 0.654378 0.007292 0.006144
1 0.927604 0.647465 0.009375 0.010753
1 0.934375 0.65745 0.008333 0.012289
1 0.91875 0.626728 0.008333 0.006144
1 0.914062 0.613671 0.005208 0.010753
1 0.891146 0.607527 0.007292 0.00768
1 0.902083 0.585253 0.00625 0.009217
1 0.980208 0.672811 0.00625 0.012289
1 0.96875 0.671275 0.008333 0.009217
1 0.954688 0.643625 0.005208 0.009217
1 0.949479 0.625192 0.005208 0.012289
1 0.976042 0.685868 0.00625 0.00768
1 0.986458 0.705069 0.008333 0.009217
1 0.975 0.699693 0.00625 0.004608
1 0.908854 0.707373 0.009375 0.013825
1 0.893229 0.650538 0.007292 0.013825
1 0.861458 0.602151 0.00625 0.009217
1 0.865104 0.640553 0.007292 0.012289
1 0.857812 0.624424 0.009375 0.013825
1 0.880208 0.64977 0.008333 0.009217
1 0.913542 0.673579 0.008333 0.00768
1 0.916146 0.682028 0.007292 0.006144
1 0.91875 0.691244 0.00625 0.006144
1 0.920312 0.659754 0.007292 0.010753
1 0.945833 0.610599 0.0125 0.00768
1 0.90625 0.599078 0.008333 0.009217
1 0.894792 0.601382 0.0125 0.010753
1 0.857812 0.526114 0.009375 0.00768
1 0.879167 0.609831 0.008333 0.006144
1 0.846875 0.629032 0.010417 0.010753
1 0.845833 0.645161 0.010417 0.015361
1 0.832292 0.6298 0.008333 0.012289
1 0.825 0.59831 0.008333 0.019969
1 0.824479 0.612903 0.009375 0.012289
1 0.813542 0.65745 0.00625 0.012289
1 0.826042 0.658218 0.008333 0.00768
1 0.840104 0.669739 0.007292 0.006144
1 0.806771 0.558372 0.009375 0.013825
1 0.796354 0.571429 0.009375 0.012289
1 0.776563 0.576037 0.013542 0.018433
1 0.842187 0.59063 0.009375 0.010753
1 0.840625 0.576805 0.008333 0.010753
1 0.800521 0.539171 0.007292 0.006144
1 0.905208 0.549923 0.010417 0.009217
1 0.924479 0.585253 0.009375 0.009217
1 0.930208 0.563748 0.00625 0.009217
1 0.939063 0.569124 0.005208 0.010753
1 0.946875 0.572965 0.00625 0.006144
1 0.926042 0.612903 0.00625 0.009217
1 0.833854 0.549923 0.009375 0.009217
1 0.834896 0.560676 0.011458 0.009217
1 0.816146 0.585253 0.007292 0.009217
1 0.797396 0.597542 0.007292 0.009217
1 0.783854 0.603687 0.007292 0.012289
1 0.784375 0.624424 0.0125 0.013825
1 0.775521 0.614439 0.007292 0.006144
1 0.763542 0.592934 0.008333 0.012289
1 0.770833 0.601382 0.004167 0.00768
1 0.763021 0.560676 0.007292 0.012289
1 0.75 0.567588 0.008333 0.013825
1 0.752604 0.586022 0.007292 0.010753
1 0.770833 0.625192 0.008333 0.009217
1 0.756771 0.629032 0.007292 0.010753
1 0.729688 0.62596 0.009375 0.010753
1 0.724479 0.600614 0.007292 0.009217
1 0.710417 0.551459 0.008333 0.009217
1 0.714063 0.586022 0.007292 0.010753
1 0.710417 0.640553 0.008333 0.012289
1 0.675521 0.55914 0.009375 0.012289
