1 0.167969 0.540541 0.029687 0.029484
1 0.613281 0.560197 0.023438 0.02457
1 0.682031 0.565111 0.017188 0.02457
1 0.65625 0.566339 0.01875 0.022113
1 0.645312 0.523342 0.025 0.034398
1 0.635156 0.507371 0.020313 0.027027
1 0.740625 0.560197 0.021875 0.034398
1 0.820312 0.433661 0.01875 0.027027
1 0.720313 0.351351 0.021875 0.034398
1 0.710156 0.396806 0.017188 0.022113
1 0.721094 0.427518 0.017188 0.02457
1 0.072656 0.62285 0.023438 0.031941
1 0.121094 0.57371 0.023438 0.031941
1 0.934375 0.492629 0.015625 0.022113
1 0.990625 0.264128 0.01875 0.041769
1 0.942969 0.152334 0.032813 0.029484
1 0.4375 0.348894 0.028125 0.02457
1 0.469531 0.320639 0.035937 0.027027
1 0.794531 0.886978 0.020313 0.034398
1 0.766406 0.85258 0.029687 0.039312
1 0.88125 0.824324 0.025 0.046683
1 0.983594 0.786241 0.020313 0.034398
1 0.857031 0.898034 0.026562 0.036855
1 0.1 0.796069 0.021875 0.054054
1 0.140625 0.116708 0.015625 0.027027
1 0.1375 0.071253 0.01875 0.019656
1 0.029687 0.022113 0.03125 0.044226
1 0.185938 0.133907 0.01875 0.027027
1 0.18125 0.09828 0.0125 0.02457
1 0.067969 0.138821 0.014063 0.012285
1 0.030469 0.072482 0.014063 0.022113
1 0.225 0.115479 0.015625 0.02457
1 0.201563 0.025799 0.025 0.041769
1 0.232813 0.020885 0.034375 0.041769
1 0.288281 0.018428 0.029687 0.036855
1 0.314844 0.011057 0.023438 0.022113
1 0.321094 0.05774 0.020313 0.027027
1 0.339062 0.078624 0.025 0.02457
1 0.35 0.101966 0.034375 0.027027
1 0.266406 0.176904 0.023438 0.029484
1 0.178125 0.304668 0.03125 0.039312
1 0.194531 0.223587 0.023438 0.02457
1 0.222656 0.192875 0.020313 0.027027
1 0.164062 0.153563 0.015625 0.022113
1 0.182031 0.190418 0.010937 0.022113
1 0.1125 0.194103 0.021875 0.02457
1 0.082031 0.226044 0.017188 0.029484
1 0.290625 0.113022 0.009375 0.019656
1 0.295312 0.17199 0.015625 0.014742
1 0.294531 0.195332 0.020313 0.022113
1 0.317188 0.213759 0.0125 0.019656
1 0.303125 0.248157 0.034375 0.029484
1 0.263281 0.22973 0.032813 0.041769
1 0.221094 0.242015 0.020313 0.031941
1 0.057031 0.265356 0.010937 0.019656
1 0.003906 0.211302 0.007812 0.019656
1 0.008594 0.264128 0.010937 0.012285
1 0.046094 0.307125 0.026562 0.039312
1 0.074219 0.297297 0.029687 0.039312
1 0.102344 0.320639 0.020313 0.027027
1 0.104688 0.358722 0.028125 0.02457
1 0.121094 0.334152 0.014063 0.034398
1 0.011719 0.356265 0.023438 0.02457
1 0.026562 0.367322 0.015625 0.022113
1 0.092969 0.400491 0.017188 0.02457
1 0.045312 0.337838 0.015625 0.012285
1 0.082031 0.350123 0.017188 0.017199
1 0.055469 0.373464 0.010937 0.009828
1 0.067969 0.409091 0.017188 0.012285
1 0.153125 0.262899 0.015625 0.019656
1 0.173437 0.2543 0.0125 0.012285
1 0.186719 0.269042 0.010937 0.017199
1 0.200781 0.249386 0.017188 0.022113
1 0.203906 0.200246 0.014063 0.022113
1 0.114844 0.087224 0.010937 0.012285
1 0.128125 0.097052 0.0125 0.012285
1 0.115625 0.007371 0.0125 0.014742
1 0.01875 0.395577 0.009375 0.019656
1 0.027344 0.433661 0.026562 0.031941
1 0.048438 0.429975 0.015625 0.029484
1 0.045312 0.400491 0.015625 0.019656
1 0.089063 0.522113 0.01875 0.022113
1 0.094531 0.490172 0.017188 0.022113
1 0.19375 0.357494 0.034375 0.036855
1 0.185156 0.39312 0.026562 0.034398
1 0.226562 0.346437 0.025 0.034398
1 0.232813 0.378378 0.01875 0.039312
1 0.275781 0.325553 0.017188 0.017199
1 0.397656 0.227273 0.023438 0.027027
1 0.385156 0.154791 0.010937 0.02457
1 0.455469 0.152334 0.017188 0.029484
1 0.369531 0.007371 0.010937 0.014742
1 0.38125 0.022113 0.025 0.014742
1 0.388281 0.036855 0.023438 0.014742
1 0.399219 0.062654 0.017188 0.031941
1 0.420312 0.052826 0.01875 0.017199
1 0.517188 0.040541 0.0375 0.031941
1 0.5375 0.120393 0.021875 0.019656
1 0.525781 0.143735 0.020313 0.017199
1 0.507031 0.14742 0.020313 0.02457
1 0.571094 0.176904 0.029687 0.029484
1 0.355469 0.292383 0.017188 0.034398
1 0.355469 0.336609 0.020313 0.034398
1 0.24375 0.454545 0.028125 0.044226
1 0.314063 0.470516 0.028125 0.031941
1 0.465625 0.484029 0.021875 0.019656
1 0.528906 0.405405 0.014063 0.02457
1 0.16875 0.512285 0.021875 0.027027
1 0.601562 0.029484 0.05625 0.058968
2 0.510938 0.67199 0.4625 0.164619
1 0.429688 0.931204 0.040625 0.083538
1 0.349219 0.904177 0.035937 0.063882
1 0.211719 0.065111 0.054688 0.056511
1 0.407031 0.114251 0.032813 0.051597
1 0.46875 0.528256 0.040625 0.039312
1 0.938281 0.627764 0.023438 0.046683
1 0.961719 0.34398 0.029687 0.039312
1 0.782031 0.10688 0.020313 0.036855
1 0.957812 0.040541 0.021875 0.036855
1 0.513281 0.396806 0.026562 0.036855
1 0.460938 0.405405 0.021875 0.029484
1 0.414062 0.441032 0.025 0.022113
1 0.4625 0.202703 0.021875 0.027027
1 0.432812 0.19656 0.0125 0.014742
1 0.475781 0.095823 0.010937 0.019656
1 0.45 0.070025 0.0125 0.017199
1 0.432812 0.097052 0.009375 0.017199
1 0.70625 0.808354 0.01875 0.039312
1 0.742969 0.14742 0.026562 0.034398
1 0.707031 0.114251 0.023438 0.027027
1 0.946875 0.184275 0.015625 0.019656
1 0.852344 0.286241 0.029687 0.027027
1 0.822656 0.27027 0.017188 0.029484
1 0.936719 0.276413 0.017188 0.017199
1 0.828125 0.153563 0.015625 0.022113
1 0.903125 0.140049 0.021875 0.034398
1 0.825 0.041769 0.021875 0.034398
1 0.8 0.025799 0.0125 0.027027
1 0.7375 0.243243 0.015625 0.014742
1 0.690625 0.260442 0.01875 0.02457
1 0.657031 0.355037 0.023438 0.031941
1 0.521875 0.293612 0.01875 0.031941
1 0.688281 0.17199 0.017188 0.02457
1 0.646875 0.148649 0.025 0.051597
1 0.602344 0.077396 0.035937 0.061425
1 0.696875 0.373464 0.025 0.029484
1 0.057031 0.101966 0.020313 0.027027
1 0.094531 0.104423 0.023438 0.031941
1 0.016406 0.176904 0.023438 0.029484
1 0.058594 0.210074 0.020313 0.036855
1 0.067187 0.045455 0.0125 0.027027
1 0.113281 0.038084 0.026562 0.041769
1 0.13125 0.149877 0.0125 0.02457
