2 0.779167 0.565741 0.045833 0.038889
2 0.147396 0.426852 0.048958 0.042593
2 0.232292 0.42963 0.047917 0.040741
2 0.340104 0.410185 0.046875 0.042593
2 0.308854 0.516667 0.046875 0.040741
2 0.275521 0.599074 0.046875 0.038889
2 0.248438 0.664815 0.044792 0.037037
2 0.227083 0.730556 0.04375 0.035185
2 0.566146 0.450926 0.046875 0.042593
2 0.577604 0.556481 0.046875 0.038889
2 0.592187 0.673148 0.044792 0.035185
2 0.699479 0.744444 0.046875 0.037037
2 0.7875 0.673148 0.045833 0.038889
2 0.769792 0.448148 0.045833 0.040741
2 0.651042 0.37037 0.047917 0.040741
