2 0.571875 0.466667 0.020833 0.011111
2 0.540625 0.47037 0.020833 0.014815
2 0.598958 0.462037 0.020833 0.012963
2 0.585417 0.474074 0.01875 0.011111
2 0.632812 0.451852 0.021875 0.014815
2 0.628646 0.472222 0.019792 0.011111
2 0.677083 0.424074 0.022917 0.022222
2 0.465104 0.459259 0.021875 0.011111
2 0.439583 0.462963 0.022917 0.011111
2 0.376563 0.452778 0.021875 0.016667
2 0.379688 0.463889 0.021875 0.009259
2 0.382292 0.474074 0.022917 0.011111
2 0.419271 0.460185 0.019792 0.02037
2 0.477083 0.475 0.022917 0.016667
2 0.471354 0.466667 0.021875 0.014815
