2 0.519792 0.448148 0.029167 0.037037
2 0.317708 0.62037 0.029167 0.033333
2 0.338021 0.562963 0.030208 0.037037
2 0.364583 0.496296 0.029167 0.037037
2 0.408854 0.582407 0.028125 0.035185
2 0.438542 0.651852 0.027083 0.033333
2 0.465625 0.713889 0.027083 0.031481
2 0.505208 0.785185 0.025 0.025926
2 0.450521 0.27037 0.030208 0.044444
2 0.535937 0.252778 0.030208 0.046296
2 0.591667 0.325 0.03125 0.042593
2 0.641146 0.390741 0.030208 0.040741
2 0.652083 0.506481 0.029167 0.038889
2 0.469792 0.390741 0.029167 0.040741
2 0.566146 0.514815 0.028125 0.040741
