2 0.064062 0.427778 0.059375 0.048148
2 0.577604 0.456481 0.059375 0.046296
2 0.8375 0.593519 0.058333 0.042593
2 0.830729 0.458333 0.059375 0.046296
2 0.686979 0.373148 0.059375 0.042593
2 0.589063 0.599074 0.057292 0.046296
2 0.604167 0.722222 0.05625 0.044444
2 0.730729 0.796296 0.055208 0.040741
2 0.846875 0.711111 0.058333 0.044444
2 0.135937 0.74537 0.055208 0.042593
2 0.169271 0.657407 0.057292 0.040741
2 0.205729 0.593519 0.057292 0.042593
2 0.252083 0.524074 0.058333 0.040741
2 0.300521 0.424074 0.059375 0.048148
2 0.172917 0.431481 0.060417 0.044444
