2 0.542708 0.57037 0.014583 0.022222
2 0.377604 0.487963 0.017708 0.02037
2 0.386979 0.461111 0.019792 0.022222
2 0.395833 0.432407 0.020833 0.031481
2 0.459375 0.381481 0.020833 0.040741
2 0.480208 0.453704 0.01875 0.033333
2 0.463021 0.492593 0.017708 0.018519
2 0.448958 0.512037 0.016667 0.027778
2 0.407292 0.531481 0.016667 0.018519
2 0.670312 0.437037 0.019792 0.033333
2 0.617188 0.484259 0.017708 0.027778
2 0.578125 0.514815 0.016667 0.025926
2 0.545312 0.537037 0.015625 0.025926
2 0.509896 0.562037 0.015625 0.024074
2 0.573958 0.576852 0.014583 0.024074
