2 0.592708 0.707812 0.083333 0.0625
2 0.666667 0.659375 0.05625 0.046875
2 0.401562 0.7125 0.053125 0.040625
2 0.525521 0.866406 0.057292 0.035937
2 0.564063 0.804688 0.055208 0.04375
2 0.483854 0.810937 0.048958 0.028125
2 0.458854 0.739844 0.080208 0.051562
2 0.532292 0.73125 0.022917 0.015625
2 0.54375 0.258594 0.197917 0.289062
2 0.446354 0.550781 0.084375 0.089063
2 0.352083 0.626563 0.125 0.11875
2 0.351562 0.497656 0.067708 0.082812
2 0.274479 0.546094 0.042708 0.048438
2 0.254167 0.600781 0.041667 0.035937
2 0.200521 0.619531 0.059375 0.057813
2 0.261979 0.446094 0.046875 0.051562
2 0.1875 0.496094 0.064583 0.092188
2 0.130729 0.532813 0.048958 0.046875
2 0.074479 0.460938 0.053125 0.065625
2 0.419271 0.203906 0.098958 0.117188
2 0.382812 0.301563 0.217708 0.365625
2 0.234375 0.205469 0.114583 0.117188
2 0.133854 0.289062 0.259375 0.3125
2 0.467708 0.658594 0.047917 0.045312
2 0.535937 0.635156 0.053125 0.064062
2 0.621354 0.577344 0.046875 0.079687
2 0.70625 0.572656 0.047917 0.057813
2 0.793229 0.55625 0.048958 0.05625
2 0.867188 0.525781 0.044792 0.054688
2 0.859375 0.435937 0.047917 0.071875
2 0.917188 0.328906 0.090625 0.114062
2 0.898438 0.172656 0.203125 0.185938
2 0.745313 0.180469 0.173958 0.170313
2 0.825 0.316406 0.066667 0.095312
2 0.744271 0.346875 0.076042 0.103125
2 0.669271 0.273438 0.059375 0.075
2 0.673438 0.388281 0.055208 0.064062
2 0.767188 0.46875 0.044792 0.075
2 0.68125 0.485938 0.05 0.065625
2 0.594792 0.417969 0.075 0.098437
2 0.538542 0.505469 0.085417 0.123438
2 0.483333 0.430469 0.0625 0.067187
