2 0.418229 0.410185 0.015625 0.024074
2 0.448958 0.391667 0.016667 0.024074
2 0.482292 0.373148 0.016667 0.024074
2 0.486979 0.433333 0.015625 0.022222
2 0.488542 0.47037 0.014583 0.022222
2 0.489063 0.508333 0.013542 0.02037
2 0.491667 0.556481 0.0125 0.02037
2 0.595833 0.30463 0.016667 0.027778
2 0.576562 0.366667 0.015625 0.025926
2 0.593229 0.423148 0.015625 0.024074
2 0.608854 0.478704 0.015625 0.02037
2 0.652604 0.498148 0.013542 0.018519
2 0.673438 0.432407 0.015625 0.024074
2 0.659375 0.384259 0.016667 0.024074
2 0.646354 0.32963 0.017708 0.025926
