4 0.985022 0.162818 0.029956 0.033156
4 0.314978 0.842214 0.064317 0.064535
4 0.755947 0.463292 0.151542 0.082297
4 0.934361 0.57016 0.131278 0.037892
4 0.666079 0.228834 0.185022 0.081113
4 0.948458 0.902901 0.073128 0.060391
4 0.839207 0.343694 0.037885 0.029011
4 0.470925 0.362641 0.034361 0.025459
4 0.060793 0.369153 0.045815 0.030195
4 0.185903 0.28804 0.045815 0.036116
4 0.660352 0.108644 0.044934 0.030195
4 0.389427 0.649201 0.065198 0.045589
4 0.020264 0.617821 0.040529 0.0373
4 0.560793 0.486975 0.04141 0.034932
4 0.891189 0.758733 0.034361 0.03138
4 0.844053 0.888692 0.045815 0.03434
4 0.396916 0.1418 0.353304 0.250444
