4 0.804688 0.220139 0.114062 0.148611
4 0.36875 0.544444 0.053125 0.088889
4 0.263672 0.508333 0.055469 0.080556
4 0.239844 0.802083 0.059375 0.1125
4 0.959766 0.625694 0.080469 0.109722
4 0.653125 0.638889 0.29375 0.469444
4 0.186719 0.327778 0.071875 0.186111
4 0.403516 0.893056 0.230469 0.213889
4 0.032422 0.136806 0.057031 0.090278
4 0.061328 0.595833 0.122656 0.238889
4 0.075391 0.842361 0.044531 0.081944
4 0.166406 0.901389 0.042188 0.097222
4 0.439453 0.688194 0.063281 0.151389
4 0.96875 0.31875 0.0625 0.190278
