4 0.395698 0.876225 0.036526 0.063725
4 0.778003 0.821078 0.036526 0.061275
4 0.176136 0.709559 0.034091 0.046569
4 0.497565 0.256127 0.034091 0.053922
4 0.426136 0.191176 0.037338 0.068627
4 0.155032 0.772059 0.027597 0.04902
4 0.118506 0.596814 0.032468 0.053922
4 0.163961 0.480392 0.034091 0.058824
4 0.977679 0.515319 0.044643 0.077206
4 0.512581 0.512255 0.283279 0.384804
4 0.294237 0.545343 0.06737 0.169118
4 0.307224 0.137868 0.088474 0.150735
4 0.567776 0.144608 0.05763 0.176471
4 0.754058 0.224265 0.144481 0.208333
4 0.940747 0.233456 0.118506 0.155637
4 0.206981 0.885417 0.029221 0.047794
4 0.319399 0.81924 0.038149 0.0625
