4 0.525781 0.411972 0.048438 0.077465
4 0.878125 0.438967 0.03125 0.070423
4 0.241406 0.406103 0.089063 0.112676
4 0.797656 0.944836 0.042188 0.07277
4 0.759375 0.775822 0.021875 0.058685
4 0.724219 0.855634 0.020313 0.06338
4 0.880469 0.546948 0.082812 0.126761
4 0.367969 0.507042 0.073438 0.089202
4 0.107031 0.397887 0.057813 0.086854
4 0.498437 0.548122 0.05 0.08216
4 0.596094 0.754695 0.035937 0.06338
4 0.714844 0.43662 0.054688 0.084507
4 0.983594 0.542254 0.032813 0.131455
4 0.601562 0.639671 0.040625 0.07277
4 0.714844 0.674883 0.032813 0.077465
4 0.6125 0.383803 0.040625 0.086854
4 0.335156 0.196009 0.070312 0.100939
4 0.903125 0.078638 0.04375 0.086854
4 0.720313 0.150235 0.0625 0.061033
4 0.308594 0.799296 0.045312 0.096244
4 0.739844 0.580986 0.057813 0.077465
