4 0.665882 0.164844 0.070588 0.051562
4 0.037647 0.494531 0.075294 0.051562
4 0.269412 0.203906 0.077647 0.048438
4 0.641176 0.353906 0.072941 0.054688
4 0.655294 0.6 0.058824 0.053125
4 0.112941 0.292969 0.225882 0.132812
4 0.635294 0.028906 0.089412 0.057813
4 0.742353 0.085938 0.129412 0.078125
4 0.415294 0.4375 0.058824 0.04375
4 0.848235 0.396094 0.063529 0.042188
4 0.144706 0.088281 0.082353 0.051562
4 0.847059 0.151562 0.075294 0.046875
4 0.534118 0.564844 0.056471 0.051562
4 0.858824 0.257812 0.282353 0.115625
