4 0.507031 0.503521 0.060937 0.068075
4 0.896094 0.166667 0.042188 0.065728
4 0.838281 0.057512 0.042188 0.06338
4 0.703125 0.076291 0.046875 0.058685
4 0.227344 0.480047 0.042188 0.08216
4 0.498437 0.89554 0.04375 0.053991
4 0.775 0.815728 0.06875 0.08216
4 0.765625 0.307512 0.046875 0.079812
4 0.503125 0.339202 0.078125 0.124413
4 0.444531 0.172535 0.045312 0.068075
4 0.089844 0.292254 0.179688 0.387324
4 0.178125 0.944836 0.065625 0.086854
4 0.546094 0.166667 0.054688 0.075117
4 0.139063 0.74061 0.278125 0.269953
4 0.252344 0.073944 0.035937 0.058685
4 0.36875 0.811033 0.053125 0.091549
4 0.432031 0.672535 0.054688 0.07277
