4 0.553156 0.23125 0.146179 0.1625
4 0.114618 0.333594 0.063123 0.067187
4 0.158638 0.646094 0.068106 0.064062
4 0.335548 0.607812 0.063123 0.05625
4 0.662791 0.722656 0.056478 0.054688
4 0.884551 0.600781 0.064784 0.067187
4 0.655316 0.608594 0.078073 0.114062
4 0.495017 0.732031 0.199336 0.082812
4 0.730897 0.528125 0.063123 0.065625
4 0.807309 0.469531 0.063123 0.067187
4 0.721761 0.403125 0.068106 0.0625
4 0.680233 0.227344 0.064784 0.060937
4 0.555648 0.415625 0.054817 0.05625
4 0.399502 0.467187 0.064784 0.059375
4 0.248339 0.26875 0.05814 0.0625
4 0.137874 0.413281 0.059801 0.051562
4 0.219269 0.4625 0.056478 0.059375
