4 0.166406 0.542188 0.054688 0.05625
4 0.702344 0.329688 0.039062 0.05
4 0.428125 0.192969 0.040625 0.039062
4 0.539844 0.394531 0.035937 0.045312
4 0.632812 0.475 0.04375 0.0875
4 0.067187 0.20625 0.121875 0.09375
4 0.389062 0.49375 0.109375 0.153125
4 0.889844 0.335938 0.082812 0.109375
4 0.302344 0.303906 0.060937 0.073438
4 0.946094 0.8125 0.032813 0.04375
4 0.840625 0.478906 0.04375 0.054688
4 0.960938 0.666406 0.040625 0.042188
4 0.782031 0.607031 0.039062 0.045312
4 0.659375 0.660156 0.034375 0.039062
