4 0.05625 0.170188 0.0875 0.096244
4 0.326562 0.704225 0.040625 0.061033
4 0.797656 0.806338 0.032813 0.058685
4 0.264844 0.694836 0.029687 0.042254
4 0.339844 0.565728 0.020313 0.032864
4 0.394531 0.5223 0.020313 0.030516
4 0.479687 0.214789 0.009375 0.016432
4 0.30625 0.299296 0.034375 0.053991
4 0.669531 0.102113 0.039062 0.053991
4 0.36875 0.318075 0.03125 0.035211
4 0.410156 0.916667 0.035937 0.068075
4 0.45 0.549296 0.059375 0.103286
4 0.825781 0.052817 0.085938 0.105634
4 0.592969 0.456573 0.204687 0.349765
4 0.266406 0.875587 0.092188 0.126761
