4 0.722266 0.010417 0.016406 0.020833
4 0.607812 0.254167 0.057813 0.116667
4 0.44375 0.224306 0.048438 0.134722
4 0.442188 0.40625 0.034375 0.073611
4 0.375 0.423611 0.020313 0.05
4 0.533984 0.561806 0.017969 0.045833
4 0.533203 0.450694 0.038281 0.054167
4 0.600781 0.446528 0.015625 0.031944
4 0.189453 0.410417 0.019531 0.043056
4 0.053516 0.229861 0.042969 0.079167
4 0.853516 0.579861 0.021094 0.045833
4 0.291797 0.594444 0.057031 0.252778
4 0.770703 0.109028 0.022656 0.048611
4 0.696484 0.068056 0.014844 0.033333
