4 0.483594 0.617708 0.051562 0.06875
4 0.642969 0.9125 0.045312 0.058333
4 0.603906 0.725 0.129688 0.15
4 0.839844 0.76875 0.042188 0.05
4 0.432812 0.522917 0.065625 0.0875
4 0.849219 0.334375 0.060937 0.077083
4 0.204687 0.591667 0.078125 0.154167
4 0.798438 0.607292 0.175 0.235417
4 0.514844 0.252083 0.104688 0.133333
4 0.200781 0.285417 0.098437 0.129167
4 0.036719 0.391667 0.029687 0.0375
4 0.271875 0.728125 0.065625 0.09375
4 0.192188 0.778125 0.028125 0.039583
4 0.346094 0.845833 0.076563 0.075
4 0.951562 0.8 0.065625 0.075
4 0.727344 0.817708 0.079687 0.077083
