4 0.295312 0.193662 0.028125 0.044601
4 0.495312 0.855634 0.028125 0.08216
4 0.220312 0.556338 0.021875 0.037559
4 0.627344 0.555164 0.042188 0.068075
4 0.686719 0.819249 0.045312 0.075117
4 0.620313 0.766432 0.025 0.039906
4 0.592969 0.873239 0.032813 0.061033
4 0.461719 0.650235 0.023438 0.032864
4 0.153906 0.393192 0.017188 0.030516
4 0.257031 0.370892 0.020313 0.032864
4 0.258594 0.293427 0.020313 0.032864
4 0.332813 0.671362 0.021875 0.032864
4 0.274219 0.596244 0.026562 0.037559
4 0.314063 0.555164 0.021875 0.035211
4 0.564063 0.35446 0.05625 0.084507
4 0.690625 0.437793 0.04375 0.06338
4 0.877344 0.775822 0.042188 0.053991
