4 0.877344 0.442708 0.026562 0.035417
4 0.035937 0.355208 0.071875 0.227083
4 0.439063 0.763542 0.134375 0.222917
4 0.179688 0.858333 0.015625 0.020833
4 0.435937 0.509375 0.034375 0.027083
4 0.207813 0.829167 0.01875 0.041667
4 0.214062 0.523958 0.196875 0.19375
4 0.309375 0.344792 0.071875 0.05625
4 0.507031 0.552083 0.026562 0.033333
4 0.072656 0.792708 0.110937 0.160417
4 0.427344 0.359375 0.014063 0.022917
4 0.785156 0.708333 0.429688 0.329167
4 0.253906 0.735417 0.051562 0.041667
4 0.641406 0.346875 0.182812 0.25625
