4 0.785156 0.643192 0.042188 0.061033
4 0.425781 0.748826 0.170313 0.215962
4 0.140625 0.512911 0.16875 0.232394
4 0.301563 0.480047 0.109375 0.185446
4 0.453125 0.237089 0.06875 0.169014
4 0.773438 0.179577 0.0375 0.058685
4 0.58125 0.943662 0.034375 0.051643
4 0.076563 0.062207 0.040625 0.077465
4 0.164062 0.058685 0.040625 0.061033
4 0.216406 0.234742 0.051562 0.056338
4 0.25 0.160798 0.0375 0.068075
4 0.310937 0.201878 0.0375 0.056338
4 0.248438 0.058685 0.046875 0.056338
4 0.471875 0.512911 0.209375 0.237089
