4 0.16875 0.311033 0.03125 0.058685
4 0.73125 0.552817 0.13125 0.086854
4 0.0625 0.15493 0.03125 0.056338
4 0.251563 0.192488 0.034375 0.051643
4 0.524219 0.833333 0.026562 0.046948
4 0.172656 0.424883 0.029687 0.051643
4 0.083594 0.481221 0.032813 0.056338
4 0.225 0.611502 0.028125 0.053991
4 0.421094 0.333333 0.042188 0.089202
4 0.460156 0.191315 0.032813 0.049296
4 0.075 0.833333 0.028125 0.051643
4 0.315625 0.751174 0.028125 0.042254
4 0.95 0.616197 0.034375 0.053991
4 0.250781 0.765258 0.029687 0.051643
4 0.471094 0.784038 0.026562 0.051643
4 0.902344 0.890845 0.026562 0.049296
4 0.939063 0.069249 0.03125 0.049296
4 0.465625 0.549296 0.03125 0.056338
4 0.314844 0.498826 0.029687 0.053991
4 0.516406 0.400235 0.032813 0.053991
4 0.255469 0.446009 0.060937 0.098592
4 0.840625 0.396714 0.065625 0.065728
4 0.553125 0.537559 0.078125 0.15493
4 0.435156 0.947183 0.026562 0.049296
