4 0.792188 0.278302 0.034375 0.056604
4 0.785937 0.106132 0.03125 0.04717
4 0.824219 0.048349 0.032813 0.058962
4 0.9 0.056604 0.046875 0.070755
4 0.816406 0.362028 0.039062 0.054245
4 0.741406 0.463443 0.035937 0.058962
4 0.717969 0.294811 0.035937 0.056604
4 0.608594 0.258255 0.035937 0.044811
4 0.526563 0.301887 0.0375 0.070755
4 0.432031 0.304245 0.035937 0.061321
4 0.448437 0.403302 0.034375 0.056604
4 0.416406 0.558962 0.039062 0.070755
4 0.53125 0.766509 0.05 0.084906
4 0.514062 0.541274 0.05 0.073113
4 0.520312 0.42217 0.078125 0.122642
4 0.96875 0.195755 0.0625 0.070755
