4 0.750694 0.211719 0.098611 0.070312
4 0.725694 0.103906 0.056944 0.067187
4 0.421528 0.449609 0.073611 0.032031
4 0.861806 0.269141 0.093056 0.078906
4 0.572222 0.383984 0.102778 0.075781
4 0.936111 0.132422 0.075 0.050781
4 0.559028 0.639062 0.081944 0.059375
4 0.382639 0.528906 0.031944 0.020313
4 0.4625 0.500781 0.027778 0.01875
4 0.261806 0.412891 0.034722 0.022656
4 0.199306 0.443359 0.056944 0.036719
4 0.328472 0.342578 0.029167 0.021094
4 0.770139 0.285547 0.029167 0.017969
4 0.836111 0.166406 0.055556 0.0375
4 0.91875 0.026562 0.040278 0.028125
4 0.879167 0.071875 0.038889 0.025
4 0.529167 0.127344 0.044444 0.029687
4 0.33125 0.019141 0.065278 0.038281
4 0.279167 0.506641 0.066667 0.041406
4 0.847222 0.388281 0.027778 0.01875
