4 0.131641 0.892361 0.064844 0.159722
4 0.464453 0.075694 0.088281 0.151389
4 0.312891 0.851389 0.041406 0.072222
4 0.259766 0.059028 0.060156 0.118056
4 0.260937 0.927778 0.039062 0.077778
4 0.028125 0.434028 0.05625 0.093056
4 0.137891 0.402083 0.053906 0.093056
4 0.550391 0.534028 0.041406 0.093056
4 0.717578 0.13125 0.069531 0.104167
4 0.93125 0.665972 0.060937 0.093056
4 0.587109 0.176389 0.072656 0.188889
4 0.773438 0.894444 0.048438 0.077778
4 0.711328 0.589583 0.203906 0.393056
4 0.892188 0.081944 0.215625 0.163889
