4 0.7875 0.373239 0.04375 0.075117
4 0.903906 0.233568 0.054688 0.077465
4 0.273438 0.201878 0.040625 0.061033
4 0.651563 0.487089 0.04375 0.053991
4 0.36875 0.421362 0.078125 0.07277
4 0.204687 0.800469 0.0875 0.117371
4 0.463281 0.764085 0.032813 0.068075
4 0.782813 0.794601 0.04375 0.08216
4 0.077344 0.773474 0.035937 0.07277
4 0.490625 0.139671 0.04375 0.053991
4 0.189844 0.510563 0.039062 0.06338
4 0.446875 0.463615 0.04375 0.07277
4 0.576562 0.580986 0.034375 0.068075
4 0.521875 0.41784 0.040625 0.065728
4 0.788281 0.542254 0.042188 0.065728
4 0.771094 0.239437 0.039062 0.061033
