4 0.694531 0.219484 0.029687 0.039906
4 0.574219 0.080986 0.029687 0.058685
4 0.641406 0.096244 0.023438 0.042254
4 0.351562 0.017606 0.034375 0.035211
4 0.510938 0.012911 0.040625 0.025822
4 0.576562 0.734742 0.0375 0.051643
4 0.672656 0.775822 0.023438 0.044601
4 0.7625 0.961268 0.01875 0.025822
4 0.485938 0.573944 0.03125 0.068075
4 0.585938 0.526995 0.03125 0.058685
4 0.700781 0.54108 0.026562 0.044601
4 0.79375 0.419014 0.03125 0.053991
4 0.402344 0.75 0.026562 0.035211
4 0.380469 0.160798 0.026562 0.053991
4 0.488281 0.28169 0.110937 0.131455
4 0.644531 0.269953 0.023438 0.051643
4 0.602344 0.393192 0.035937 0.053991
4 0.524219 0.442488 0.023438 0.049296
4 0.425781 0.596244 0.023438 0.037559
4 0.492188 0.748826 0.034375 0.037559
4 0.659375 0.876761 0.0375 0.100939
4 0.571875 0.861502 0.046875 0.107981
