4 0.905078 0.613194 0.013281 0.026389
4 0.455859 0.03125 0.036719 0.0625
4 0.379688 0.092361 0.0375 0.0625
4 0.285938 0.174306 0.029687 0.065278
4 0.394141 0.2375 0.027344 0.047222
4 0.466797 0.322222 0.060156 0.080556
4 0.317969 0.452083 0.026562 0.048611
4 0.308594 0.531944 0.032813 0.058333
4 0.922656 0.467361 0.0375 0.079167
4 0.634375 0.334028 0.025 0.048611
4 0.742188 0.322917 0.020313 0.031944
4 0.819141 0.238194 0.016406 0.031944
4 0.814453 0.373611 0.019531 0.030556
4 0.915234 0.359028 0.027344 0.043056
4 0.837109 0.741667 0.019531 0.038889
4 0.367188 0.702778 0.028125 0.052778
4 0.250391 0.748611 0.028906 0.052778
4 0.170703 0.603472 0.027344 0.043056
4 0.054297 0.38125 0.033594 0.056944
4 0.134375 0.254861 0.020313 0.054167
4 0.124609 0.091667 0.025781 0.036111
4 0.696094 0.136111 0.015625 0.025
