4 0.657813 0.841667 0.01875 0.029167
4 0.253125 0.572917 0.04375 0.045833
4 0.289844 0.294792 0.035937 0.03125
4 0.448437 0.611458 0.021875 0.03125
4 0.542188 0.615625 0.025 0.035417
4 0.132812 0.85 0.025 0.0375
4 0.447656 0.763542 0.245312 0.222917
4 0.057031 0.754167 0.048438 0.0875
4 0.179688 0.832292 0.059375 0.06875
4 0.591406 0.313542 0.185938 0.239583
4 0.020313 0.31875 0.040625 0.170833
4 0.040625 0.842708 0.0625 0.064583
4 0.464062 0.515625 0.021875 0.03125
4 0.619531 0.715625 0.023438 0.035417
4 0.835938 0.776042 0.328125 0.19375
4 0.2125 0.704167 0.05 0.041667
4 0.895312 0.505208 0.209375 0.31875
4 0.678125 0.590625 0.15 0.14375
4 0.070312 0.666667 0.01875 0.029167
4 0.125 0.496875 0.10625 0.189583
4 0.395313 0.480208 0.028125 0.035417
4 0.23125 0.327083 0.015625 0.020833
4 0.372656 0.330208 0.014063 0.01875
