4 0.655469 0.238038 0.023438 0.04067
4 0.829688 0.441388 0.025 0.04067
4 0.814063 0.210526 0.028125 0.043062
4 0.927344 0.215311 0.023438 0.038278
4 0.877344 0.147129 0.032813 0.04067
4 0.786719 0.300239 0.026562 0.045455
4 0.688281 0.851675 0.054688 0.066986
4 0.347656 0.348086 0.029687 0.04067
4 0.532813 0.287081 0.021875 0.047847
4 0.585156 0.320574 0.026562 0.038278
4 0.583594 0.393541 0.029687 0.04067
4 0.044531 0.380383 0.089063 0.196172
4 0.567969 0.555024 0.026562 0.033493
4 0.286719 0.700957 0.092188 0.110048
4 0.507031 0.476077 0.098437 0.191388
4 0.702344 0.503589 0.023438 0.035885
4 0.475781 0.962919 0.048438 0.069378
4 0.133594 0.894737 0.057813 0.08134
4 0.196094 0.910287 0.032813 0.04067
4 0.295312 0.549043 0.028125 0.045455
4 0.407813 0.148325 0.053125 0.08134
