4 0.227344 0.397887 0.023438 0.030516
4 0.733594 0.63615 0.032813 0.051643
4 0.604688 0.56338 0.0375 0.070423
4 0.091406 0.399061 0.085938 0.131455
4 0.546094 0.732394 0.032813 0.065728
4 0.423438 0.588028 0.084375 0.152582
4 0.701562 0.328638 0.009375 0.014085
4 0.253906 0.629108 0.035937 0.065728
4 0.125 0.742958 0.03125 0.06338
4 0.646875 0.068075 0.01875 0.028169
4 0.178906 0.28169 0.010937 0.023474
4 0.314063 0.200704 0.01875 0.025822
4 0.117969 0.04108 0.064062 0.08216
4 0.507031 0.132629 0.029687 0.044601
4 0.373437 0.800469 0.021875 0.037559
4 0.864062 0.390845 0.0125 0.016432
4 0.664062 0.257042 0.01875 0.025822
4 0.775 0.440141 0.0125 0.016432
4 0.876563 0.583333 0.028125 0.053991
4 0.595313 0.36385 0.015625 0.018779
4 0.429688 0.314554 0.028125 0.051643
4 0.7875 0.25939 0.025 0.039906
4 0.746875 0.173709 0.028125 0.046948
