4 0.364063 0.380282 0.034375 0.051643
4 0.180469 0.409624 0.020313 0.039906
4 0.117969 0.289906 0.020313 0.025822
4 0.090625 0.315728 0.01875 0.030516
4 0.036719 0.280516 0.023438 0.025822
4 0.278906 0.576291 0.023438 0.06338
4 0.505469 0.475352 0.032813 0.058685
4 0.325781 0.650235 0.023438 0.032864
4 0.373437 0.548122 0.01875 0.030516
4 0.467187 0.676056 0.015625 0.023474
4 0.546094 0.805164 0.054688 0.093897
4 0.800781 0.914319 0.051562 0.053991
4 0.628906 0.644366 0.023438 0.030516
4 0.696875 0.624413 0.028125 0.051643
4 0.905469 0.523474 0.020313 0.028169
4 0.801562 0.20892 0.034375 0.051643
4 0.778125 0.024648 0.046875 0.049296
4 0.289844 0.460094 0.020313 0.032864
