4 0.875781 0.819792 0.248438 0.110417
4 0.424219 0.7875 0.045312 0.15
4 0.432812 0.548958 0.034375 0.027083
4 0.205469 0.633333 0.039062 0.0375
4 0.298438 0.63125 0.040625 0.033333
4 0.259375 0.780208 0.05 0.047917
4 0.425 0.372917 0.015625 0.016667
4 0.30625 0.38125 0.05 0.054167
4 0.160938 0.519792 0.109375 0.14375
4 0.101562 0.827083 0.103125 0.1
4 0.6375 0.763542 0.128125 0.13125
4 0.522656 0.59375 0.026562 0.033333
4 0.514062 0.748958 0.03125 0.06875
4 0.654687 0.380208 0.18125 0.25625
4 0.85625 0.625 0.26875 0.275
