4 0.86875 0.339907 0.10625 0.160093
4 0.610938 0.481439 0.034375 0.067285
4 0.635156 0.111369 0.014063 0.023202
4 0.719531 0.313225 0.032813 0.037123
4 0.604688 0.257541 0.078125 0.157773
4 0.503125 0.310905 0.034375 0.069606
4 0.41875 0.422274 0.0375 0.074246
4 0.409375 0.223898 0.015625 0.020882
4 0.289062 0.171694 0.015625 0.018561
4 0.251563 0.240139 0.00625 0.011601
4 0.167187 0.170534 0.025 0.048724
4 0.297656 0.341067 0.026562 0.041763
4 0.092188 0.296984 0.009375 0.013921
0 0.070312 0.061485 0.053125 0.062645
4 0.18125 0.348028 0.0125 0.018561
4 0.215625 0.593968 0.034375 0.051044
4 0.044531 0.758701 0.054688 0.078886
4 0.483594 0.761021 0.029687 0.055684
4 0.846875 0.767981 0.053125 0.064965
4 0.353906 0.061485 0.017188 0.025522
4 0.440625 0.068445 0.028125 0.044084
4 0.816406 0.044084 0.064062 0.088167
