4 0.665625 0.433099 0.05625 0.138498
4 0.634375 0.088028 0.071875 0.143192
4 0.339062 0.518779 0.1 0.117371
4 0.426563 0.784038 0.053125 0.065728
4 0.804688 0.521127 0.06875 0.093897
4 0.411719 0.196009 0.042188 0.06338
4 0.2125 0.123239 0.05625 0.105634
4 0.38125 0.292254 0.040625 0.058685
4 0.0625 0.652582 0.04375 0.065728
4 0.144531 0.577465 0.039062 0.065728
4 0.98125 0.110329 0.0375 0.075117
4 0.905469 0.346244 0.039062 0.049296
4 0.59375 0.933099 0.05 0.096244
4 0.497656 0.40493 0.029687 0.049296
4 0.582812 0.409624 0.040625 0.068075
4 0.851562 0.762911 0.04375 0.061033
4 0.757812 0.764085 0.04375 0.068075
4 0.367188 0.866197 0.046875 0.084507
4 0.619531 0.239437 0.054688 0.070423
4 0.905469 0.241784 0.023438 0.037559
4 0.81875 0.274648 0.046875 0.061033
4 0.454688 0.565728 0.0375 0.065728
4 0.774219 0.103286 0.151562 0.131455
4 0.740625 0.368545 0.06875 0.084507
