4 0.509375 0.63125 0.051562 0.140278
4 0.366797 0.501389 0.022656 0.044444
4 0.675 0.210417 0.05 0.1125
4 0.581641 0.277778 0.017969 0.041667
4 0.614062 0.15625 0.023438 0.048611
4 0.249609 0.8625 0.058594 0.127778
4 0.669141 0.021528 0.019531 0.043056
4 0.431641 0.055556 0.027344 0.055556
4 0.364453 0.174306 0.042969 0.090278
4 0.249219 0.274306 0.040625 0.165278
4 0.108594 0.164583 0.1375 0.293056
4 0.225 0.573611 0.06875 0.122222
4 0.144531 0.670139 0.045312 0.095833
4 0.752734 0.211806 0.017969 0.031944
4 0.584766 0.438889 0.022656 0.058333
4 0.698438 0.435417 0.060937 0.098611
4 0.760156 0.431944 0.01875 0.038889
4 0.738672 0.563889 0.022656 0.05
4 0.976562 0.172222 0.046875 0.130556
4 0.919531 0.022222 0.021875 0.044444
4 0.842969 0.086806 0.01875 0.040278
4 0.582031 0.711806 0.060937 0.101389
