4 0.932813 0.673709 0.0375 0.103286
4 0.044531 0.676056 0.020313 0.032864
4 0.666406 0.715962 0.035937 0.061033
4 0.647656 0.301643 0.032813 0.06338
4 0.71875 0.618545 0.034375 0.044601
4 0.901563 0.416667 0.05 0.100939
4 0.8375 0.674883 0.053125 0.096244
4 0.363281 0.954225 0.035937 0.058685
4 0.74375 0.451878 0.178125 0.161972
4 0.872656 0.542254 0.032813 0.056338
4 0.410938 0.551643 0.040625 0.046948
4 0.457031 0.730047 0.032813 0.051643
4 0.502344 0.230047 0.060937 0.14554
4 0.578906 0.553991 0.135937 0.253521
4 0.515625 0.847418 0.03125 0.046948
4 0.405469 0.663146 0.035937 0.044601
4 0.35 0.504695 0.034375 0.056338
4 0.717187 0.562207 0.03125 0.039906
0 0.598437 0.03169 0.034375 0.06338
4 0.444531 0.107981 0.029687 0.046948
4 0.984375 0.257042 0.03125 0.06338
4 0.782813 0.318075 0.0375 0.044601
4 0.616406 0.720657 0.035937 0.046948
4 0.94375 0.562207 0.0375 0.044601
4 0.41875 0.81338 0.034375 0.044601
4 0.577344 0.82277 0.026562 0.049296
