4 0.692547 0.659375 0.089027 0.05625
4 0.398551 0.419531 0.089027 0.098437
4 0.522774 0.476562 0.035197 0.03125
4 0.484472 0.739062 0.045549 0.03125
4 0.580745 0.803906 0.047619 0.035937
4 0.650104 0.810156 0.049689 0.039062
4 0.6853 0.754687 0.045549 0.0375
4 0.522774 0.66875 0.043478 0.0375
4 0.279503 0.639062 0.033126 0.025
4 0.549689 0.602344 0.043478 0.029687
4 0.566253 0.54375 0.043478 0.034375
4 0.642857 0.54375 0.035197 0.028125
4 0.60352 0.502344 0.039337 0.029687
4 0.276398 0.478906 0.035197 0.026562
4 0.343685 0.540625 0.037267 0.028125
4 0.486542 0.3375 0.082816 0.103125
4 0.225673 0.253906 0.066253 0.032813
