4 0.029687 0.04108 0.059375 0.08216
4 0.328906 0.070423 0.039062 0.056338
4 0.478906 0.052817 0.032813 0.049296
4 0.616406 0.20892 0.035937 0.056338
4 0.667969 0.183099 0.039062 0.065728
4 0.749219 0.076291 0.032813 0.06338
4 0.751563 0.257042 0.065625 0.105634
4 0.099219 0.142019 0.048438 0.068075
4 0.176563 0.071596 0.078125 0.068075
4 0.458594 0.683099 0.035937 0.056338
4 0.577344 0.552817 0.039062 0.07277
4 0.664844 0.619718 0.039062 0.056338
4 0.594531 0.827465 0.039062 0.06338
4 0.821094 0.350939 0.042188 0.105634
4 0.772656 0.478873 0.042188 0.051643
4 0.914062 0.566901 0.0375 0.053991
4 0.885156 0.692488 0.045312 0.065728
4 0.780469 0.720657 0.039062 0.061033
4 0.782813 0.821596 0.0375 0.061033
4 0.402344 0.652582 0.035937 0.065728
4 0.357031 0.969484 0.048438 0.061033
4 0.249219 0.605634 0.048438 0.061033
4 0.360156 0.305164 0.039062 0.056338
4 0.435156 0.142019 0.039062 0.053991
4 0.152344 0.287559 0.035937 0.049296
4 0.508594 0.489437 0.039062 0.06338
