4 0.640625 0.082547 0.03125 0.04717
4 0.423438 0.25 0.0375 0.04717
4 0.857031 0.913915 0.042188 0.063679
4 0.639062 0.748821 0.0625 0.091981
4 0.528906 0.849057 0.023438 0.037736
4 0.364844 0.878538 0.023438 0.040094
4 0.146875 0.912736 0.025 0.037736
4 0.1625 0.696934 0.025 0.040094
4 0.465625 0.443396 0.028125 0.042453
4 0.049219 0.625 0.026562 0.037736
4 0.117188 0.341981 0.0375 0.056604
4 0.142187 0.201651 0.021875 0.03066
4 0.286719 0.130896 0.023438 0.035377
4 0.285938 0.731132 0.025 0.033019
4 0.10625 0.012972 0.025 0.025943
4 0.215625 0.014151 0.025 0.028302
4 0.249219 0.73467 0.023438 0.035377
4 0.485938 0.0625 0.025 0.035377
4 0.617188 0.200472 0.03125 0.042453
4 0.547656 0.356132 0.026562 0.037736
4 0.710938 0.245283 0.025 0.042453
4 0.797656 0.166274 0.035937 0.049528
4 0.203906 0.541274 0.170313 0.143868
4 0.584375 0.543632 0.159375 0.247642
4 0.4125 0.608491 0.146875 0.20283
4 0.775781 0.291274 0.035937 0.054245
4 0.867969 0.351415 0.035937 0.04717
