4 0.636719 0.611765 0.023438 0.037647
4 0.292187 0.156471 0.025 0.049412
4 0.334375 0.321176 0.025 0.04
4 0.610156 0.068235 0.020313 0.032941
4 0.721094 0.092941 0.026562 0.035294
4 0.779687 0.165882 0.03125 0.04
4 0.825 0.110588 0.03125 0.037647
4 0.879687 0.187059 0.0375 0.044706
4 0.675 0.241176 0.03125 0.035294
4 0.355469 0.109412 0.023438 0.035294
4 0.716406 0.245882 0.026562 0.04
4 0.467969 0.194118 0.157812 0.124706
4 0.530469 0.367059 0.139063 0.169412
4 0.689844 0.148235 0.023438 0.028235
