4 0.216016 0.099306 0.024219 0.043056
4 0.461328 0.040278 0.038281 0.072222
4 0.310156 0.029167 0.021875 0.036111
4 0.015625 0.316667 0.03125 0.055556
4 0.121484 0.138194 0.041406 0.104167
4 0.171094 0.238194 0.023438 0.045833
4 0.15 0.38125 0.025 0.043056
4 0.164453 0.525 0.030469 0.052778
4 0.257812 0.709028 0.023438 0.043056
4 0.332031 0.859028 0.028125 0.051389
4 0.429688 0.820833 0.026562 0.052778
4 0.399219 0.689583 0.03125 0.054167
4 0.810156 0.805556 0.020313 0.036111
4 0.920312 0.658333 0.025 0.047222
4 0.876563 0.645139 0.015625 0.029167
4 0.88125 0.491667 0.026562 0.066667
4 0.775391 0.384028 0.052344 0.104167
4 0.694531 0.236111 0.015625 0.027778
4 0.619922 0.443056 0.024219 0.044444
4 0.455078 0.378472 0.180469 0.295833
