4 0.220588 0.811576 0.042484 0.071429
4 0.75 0.051724 0.055556 0.083744
4 0.638072 0.112069 0.044118 0.061576
4 0.29085 0.362069 0.03268 0.054187
4 0.13317 0.176108 0.04085 0.061576
4 0.017157 0.118227 0.034314 0.068966
4 0.146242 0.495074 0.044118 0.083744
4 0.044118 0.646552 0.035948 0.05665
4 0.410948 0.85468 0.037582 0.059113
4 0.252451 0.975369 0.034314 0.049261
4 0.85049 0.965517 0.037582 0.059113
4 0.513072 0.399015 0.163399 0.211823
4 0.888889 0.559113 0.160131 0.133005
4 0.670752 0.624384 0.178105 0.110837
4 0.35049 0.568966 0.083333 0.172414
