4 0.145455 0.144809 0.029091 0.04918
4 0.336364 0.357923 0.309091 0.289617
4 0.589091 0.150273 0.138182 0.15847
4 0.614545 0.333333 0.123636 0.174863
4 0.790909 0.106557 0.061818 0.060109
4 0.858182 0.125683 0.029091 0.043716
4 0.934545 0.120219 0.021818 0.043716
4 0.901818 0.196721 0.029091 0.043716
4 0.989091 0.193989 0.021818 0.103825
4 0.816364 0.213115 0.018182 0.032787
4 0.812727 0.278689 0.025455 0.032787
4 0.903636 0.303279 0.018182 0.038251
4 0.941818 0.472678 0.021818 0.038251
4 0.710909 0.368852 0.025455 0.027322
4 0.810909 0.401639 0.021818 0.038251
4 0.774545 0.442623 0.021818 0.032787
4 0.690909 0.456284 0.058182 0.04918
4 0.621818 0.469945 0.029091 0.032787
4 0.723636 0.546448 0.021818 0.032787
4 0.776364 0.562842 0.018182 0.032787
4 0.825455 0.620219 0.021818 0.027322
4 0.863636 0.702186 0.018182 0.038251
4 0.858182 0.765027 0.021818 0.032787
4 0.972727 0.808743 0.025455 0.032787
4 0.916364 0.846995 0.021818 0.032787
4 0.785455 0.79235 0.072727 0.087432
4 0.770909 0.710383 0.021818 0.032787
4 0.716364 0.617486 0.021818 0.032787
4 0.576364 0.846995 0.025455 0.032787
4 0.594545 0.795082 0.025455 0.038251
4 0.347273 0.693989 0.12 0.153005
4 0.447273 0.598361 0.043636 0.04918
4 0.374545 0.565574 0.014545 0.038251
4 0.481818 0.685792 0.018182 0.038251
4 0.516364 0.696721 0.021818 0.038251
4 0.536364 0.737705 0.018182 0.032787
4 0.665455 0.70765 0.043636 0.081967
4 0.621818 0.73224 0.029091 0.054645
4 0.496364 0.54918 0.054545 0.071038
4 0.52 0.467213 0.058182 0.071038
4 0.554545 0.554645 0.047273 0.04918
4 0.556364 0.672131 0.029091 0.065574
4 0.598182 0.655738 0.018182 0.032787
4 0.629091 0.581967 0.072727 0.092896
4 0.149091 0.612022 0.029091 0.043716
4 0.094545 0.644809 0.029091 0.054645
4 0.232727 0.765027 0.029091 0.043716
4 0.145455 0.806011 0.029091 0.060109
4 0.174545 0.920765 0.050909 0.071038
4 0.309091 0.980874 0.043636 0.027322
4 0.721818 0.934426 0.032727 0.043716
4 0.676364 0.937158 0.021818 0.038251
4 0.776364 0.909836 0.04 0.04918
4 0.834545 0.901639 0.018182 0.032787
4 0.88 0.89071 0.021818 0.032787
4 0.963636 0.978142 0.021818 0.032787
4 0.883636 0.428962 0.021818 0.038251
4 0.923636 0.612022 0.014545 0.043716
4 0.7 0.114754 0.025455 0.043716
4 0.718182 0.833333 0.025455 0.038251
