4 0.344531 0.336854 0.042188 0.058685
4 0.9 0.980047 0.034375 0.039906
4 0.85 0.640845 0.03125 0.046948
4 0.603906 0.967136 0.029687 0.056338
4 0.107031 0.484742 0.045312 0.06338
4 0.157031 0.084507 0.048438 0.070423
4 0.81875 0.153756 0.034375 0.049296
4 0.511719 0.437793 0.042188 0.058685
4 0.401562 0.564554 0.209375 0.115023
4 0.420312 0.348592 0.05 0.06338
4 0.68125 0.672535 0.034375 0.053991
4 0.755469 0.758216 0.029687 0.051643
4 0.539062 0.808685 0.19375 0.143192
4 0.719531 0.455399 0.139063 0.29108
