4 0.394531 0.282639 0.03125 0.073611
4 0.375 0.188194 0.042188 0.079167
4 0.706641 0.678472 0.063281 0.109722
4 0.353906 0.566667 0.139063 0.166667
4 0.863672 0.481944 0.053906 0.113889
4 0.791797 0.169444 0.083594 0.119444
4 0.238672 0.167361 0.122656 0.295833
4 0.523828 0.035417 0.060156 0.070833
4 0.757422 0.014583 0.021094 0.029167
4 0.699609 0.091667 0.024219 0.047222
4 0.912891 0.061806 0.017969 0.034722
4 0.805078 0.405556 0.019531 0.038889
4 0.736719 0.425694 0.048438 0.0625
4 0.657031 0.430556 0.025 0.058333
4 0.597656 0.249306 0.017188 0.043056
4 0.41875 0.75 0.05625 0.136111
4 0.589453 0.602778 0.030469 0.075
4 0.608594 0.700694 0.032813 0.056944
4 0.913672 0.868056 0.041406 0.102778
