4 0.392969 0.202083 0.073438 0.118056
4 0.635938 0.255556 0.023438 0.041667
4 0.721875 0.254861 0.020313 0.034722
4 0.828516 0.170139 0.016406 0.026389
4 0.829688 0.336806 0.01875 0.031944
4 0.901563 0.252083 0.026562 0.051389
4 0.924609 0.566667 0.014844 0.030556
4 0.694531 0.046528 0.015625 0.029167
4 0.865625 0.695139 0.020313 0.040278
4 0.230078 0.029167 0.032031 0.058333
4 0.229687 0.380556 0.046875 0.094444
4 0.182422 0.648611 0.032031 0.052778
4 0.305859 0.588194 0.030469 0.0625
4 0.121094 0.114583 0.021875 0.043056
4 0.922656 0.377083 0.05625 0.045833
4 0.084375 0.476389 0.026562 0.047222
