4 0.542969 0.183099 0.235937 0.300469
4 0.485938 0.424883 0.078125 0.093897
4 0.592969 0.473005 0.095312 0.096244
4 0.55 0.623239 0.084375 0.110329
4 0.295312 0.409624 0.20625 0.387324
4 0.661719 0.843897 0.045312 0.07277
4 0.807031 0.796948 0.054688 0.08216
4 0.883594 0.646714 0.051562 0.077465
4 0.784375 0.573944 0.05 0.07277
4 0.707031 0.542254 0.051562 0.075117
4 0.432812 0.53169 0.05 0.077465
4 0.684375 0.431925 0.046875 0.070423
4 0.775781 0.13615 0.051562 0.075117
4 0.124219 0.207746 0.054688 0.077465
4 0.196094 0.829812 0.045312 0.068075
