4 0.334375 0.691315 0.03125 0.053991
4 0.939063 0.50939 0.028125 0.042254
4 0.851562 0.441315 0.028125 0.046948
4 0.924219 0.376761 0.045312 0.08216
4 0.889844 0.210094 0.045312 0.07277
4 0.925 0.032864 0.046875 0.065728
4 0.636719 0.116197 0.023438 0.039906
4 0.464062 0.129108 0.021875 0.037559
4 0.51875 0.292254 0.021875 0.035211
4 0.198437 0.253521 0.025 0.037559
4 0.740625 0.042254 0.06875 0.084507
4 0.419531 0.373239 0.026562 0.042254
4 0.6625 0.64554 0.025 0.037559
4 0.726562 0.388498 0.08125 0.06338
4 0.8875 0.280516 0.021875 0.035211
4 0.571094 0.816901 0.023438 0.037559
4 0.927344 0.812207 0.029687 0.042254
4 0.767188 0.815728 0.04375 0.07277
4 0.772656 0.943662 0.023438 0.032864
4 0.027344 0.428404 0.035937 0.08216
4 0.101562 0.903756 0.028125 0.065728
