4 0.23875 0.953333 0.0925 0.093333
4 0.0625 0.655833 0.125 0.105
4 0.438333 0.2175 0.093333 0.076667
4 0.72 0.1675 0.075 0.078333
4 0.934583 0.312917 0.0775 0.094167
4 0.88375 0.640833 0.075833 0.081667
4 0.972083 0.708333 0.055833 0.078333
4 0.95125 0.967083 0.070833 0.065833
4 0.64625 0.968333 0.0525 0.063333
4 0.523333 0.79625 0.071667 0.090833
4 0.160417 0.50375 0.170833 0.195833
4 0.215833 0.790833 0.19 0.18
4 0.205417 0.260417 0.064167 0.064167
4 0.584167 0.481667 0.393333 0.343333
4 0.227083 0.6375 0.0775 0.075
4 0.947083 0.825417 0.105833 0.085833
