4 0.705455 0.710383 0.589091 0.568306
4 0.698182 0.243169 0.24 0.256831
4 0.938182 0.355191 0.08 0.087432
4 0.910909 0.04918 0.083636 0.098361
4 0.474545 0.357923 0.047273 0.071038
4 0.301818 0.628415 0.210909 0.535519
4 0.307273 0.245902 0.083636 0.076503
4 0.025455 0.027322 0.043636 0.043716
4 0.069091 0.060109 0.036364 0.043716
4 0.212727 0.071038 0.018182 0.032787
4 0.274545 0.18306 0.018182 0.027322
4 0.334545 0.161202 0.014545 0.038251
4 0.152727 0.289617 0.043636 0.076503
4 0.103636 0.36612 0.025455 0.032787
4 0.094545 0.42623 0.021818 0.032787
4 0.267273 0.079235 0.018182 0.027322
4 0.296364 0.068306 0.025455 0.04918
4 0.389091 0.016393 0.021818 0.032787
4 0.358182 0.02459 0.018182 0.027322
4 0.334545 0.046448 0.014545 0.027322
