4 0.382812 0.799296 0.015625 0.021127
4 0.482812 0.18662 0.0375 0.049296
4 0.058594 0.669014 0.045312 0.070423
4 0.554688 0.40493 0.05 0.035211
4 0.341406 0.930751 0.064062 0.07277
4 0.585938 0.700704 0.05 0.07277
4 0.664062 0.848592 0.065625 0.096244
4 0.392188 0.505869 0.09375 0.091549
4 0.389062 0.651408 0.06875 0.068075
0 0.447656 0.808685 0.051562 0.039906
4 0.971094 0.860329 0.057813 0.091549
4 0.882812 0.876761 0.025 0.039906
4 0.769531 0.919014 0.060937 0.086854
4 0.679688 0.961268 0.025 0.025822
4 0.7 0.586854 0.025 0.037559
4 0.549219 0.555164 0.023438 0.030516
4 0.500781 0.474178 0.035937 0.061033
4 0.440625 0.711268 0.025 0.032864
4 0.292187 0.626761 0.021875 0.028169
4 0.254688 0.728873 0.01875 0.030516
4 0.298438 0.779343 0.021875 0.028169
4 0.486719 0.861502 0.017188 0.023474
4 0.503125 0.963615 0.04375 0.07277
4 0.402344 0.907277 0.014063 0.030516
4 0.273438 0.926056 0.03125 0.035211
4 0.182812 0.873239 0.025 0.037559
4 0.139063 0.799296 0.025 0.039906
4 0.050781 0.856808 0.032813 0.042254
4 0.121875 0.53169 0.03125 0.035211
4 0.165625 0.710094 0.034375 0.035211
4 0.216406 0.690141 0.026562 0.037559
4 0.244531 0.482394 0.032813 0.044601
4 0.289844 0.525822 0.020313 0.037559
4 0.098437 0.339202 0.04375 0.049296
4 0.027344 0.350939 0.042188 0.058685
4 0.270313 0.408451 0.01875 0.023474
4 0.211719 0.215962 0.045312 0.056338
4 0.275781 0.220657 0.032813 0.046948
4 0.324219 0.21831 0.026562 0.042254
4 0.383594 0.126761 0.057813 0.107981
4 0.413281 0.359155 0.032813 0.061033
4 0.534375 0.083333 0.01875 0.030516
4 0.775781 0.188967 0.029687 0.044601
4 0.784375 0.278169 0.028125 0.058685
4 0.7375 0.42723 0.025 0.032864
4 0.140625 0.298122 0.01875 0.028169
