4 0.842187 0.340376 0.0375 0.061033
4 0.78125 0.639671 0.046875 0.07277
4 0.517969 0.889671 0.039062 0.061033
4 0.660937 0.556338 0.0875 0.300469
4 0.428125 0.375587 0.028125 0.046948
4 0.107031 0.434272 0.070312 0.103286
4 0.370312 0.370892 0.034375 0.061033
4 0.314063 0.106808 0.053125 0.08216
4 0.490625 0.489437 0.03125 0.049296
4 0.496094 0.665493 0.023438 0.044601
4 0.435937 0.696009 0.025 0.039906
4 0.545312 0.739437 0.03125 0.051643
4 0.673438 0.850939 0.025 0.039906
4 0.628125 0.789906 0.021875 0.039906
