4 0.865625 0.84507 0.01875 0.023474
4 0.34375 0.422535 0.028125 0.042254
4 0.771094 0.2723 0.032813 0.051643
4 0.580469 0.561033 0.035937 0.051643
4 0.570312 0.416667 0.025 0.030516
4 0.51875 0.480047 0.028125 0.039906
4 0.53125 0.617371 0.021875 0.032864
4 0.457031 0.54108 0.023438 0.035211
4 0.48125 0.597418 0.021875 0.035211
4 0.384375 0.63615 0.021875 0.032864
4 0.459375 0.721831 0.025 0.039906
4 0.3375 0.683099 0.021875 0.037559
4 0.313281 0.774648 0.026562 0.037559
4 0.182812 0.368545 0.03125 0.046948
