4 0.183824 0.56812 0.285948 0.645777
4 0.809641 0.551771 0.269608 0.569482
4 0.723039 0.922343 0.014706 0.035422
4 0.589869 0.757493 0.137255 0.217984
4 0.023693 0.880109 0.044118 0.114441
4 0.35049 0.694823 0.031046 0.185286
4 0.517974 0.125341 0.022876 0.038147
4 0.663399 0.224796 0.026144 0.084469
4 0.647876 0.446866 0.02451 0.043597
4 0.404412 0.950954 0.017974 0.032698
4 0.027778 0.222071 0.026144 0.040872
4 0.881536 0.061308 0.017974 0.035422
4 0.420752 0.844687 0.017974 0.038147
4 0.410131 0.332425 0.130719 0.207084
