4 0.383594 0.582292 0.029687 0.027083
4 0.048438 0.540625 0.053125 0.077083
4 0.616406 0.454167 0.192188 0.179167
4 0.564844 0.288542 0.057813 0.05625
4 0.936719 0.644792 0.126562 0.172917
4 0.954688 0.830208 0.090625 0.08125
4 0.700781 0.777083 0.204687 0.191667
4 0.548438 0.761458 0.046875 0.047917
4 0.515625 0.645833 0.028125 0.041667
4 0.067969 0.846875 0.101562 0.05625
4 0.479687 0.358333 0.0125 0.0125
4 0.853125 0.75625 0.028125 0.045833
4 0.492188 0.79375 0.028125 0.054167
4 0.353125 0.730208 0.0125 0.027083
4 0.202344 0.8 0.045312 0.045833
4 0.135156 0.6625 0.048438 0.0375
4 0.248438 0.648958 0.046875 0.064583
4 0.247656 0.401042 0.067187 0.085417
4 0.134375 0.461458 0.04375 0.08125
4 0.38125 0.365625 0.015625 0.022917
