4 0.529687 0.767708 0.040625 0.05625
4 0.563281 0.270833 0.064062 0.054167
4 0.480469 0.320833 0.010937 0.0125
4 0.974219 0.759375 0.029687 0.04375
4 0.582812 0.833333 0.025 0.058333
4 0.475781 0.8 0.029687 0.045833
4 0.221094 0.634375 0.045312 0.064583
4 0.097656 0.669792 0.051562 0.039583
4 0.014063 0.535417 0.028125 0.041667
4 0.374219 0.353125 0.017188 0.022917
4 0.378125 0.583333 0.021875 0.029167
4 0.715625 0.7 0.021875 0.029167
4 0.522656 0.658333 0.026562 0.041667
4 0.832812 0.755208 0.028125 0.039583
4 0.6125 0.465625 0.18125 0.172917
4 0.878125 0.620833 0.0375 0.045833
4 0.9125 0.695833 0.0625 0.054167
4 0.8875 0.8375 0.165625 0.075
4 0.715625 0.80625 0.16875 0.141667
4 0.322656 0.719792 0.010937 0.027083
4 0.052344 0.820833 0.101562 0.1
4 0.1 0.435417 0.04375 0.075
4 0.217188 0.385417 0.065625 0.120833
4 0.164844 0.788542 0.073438 0.04375
