4 0.436979 0.050926 0.034375 0.061111
4 0.404687 0.213889 0.038542 0.068519
4 0.441667 0.759259 0.029167 0.055556
4 0.626042 0.831481 0.035417 0.059259
4 0.764583 0.668519 0.03125 0.051852
4 0.630729 0.22037 0.030208 0.055556
4 0.721354 0.308333 0.088542 0.131481
4 0.751563 0.075 0.034375 0.061111
4 0.790625 0.149074 0.033333 0.061111
4 0.8625 0.205556 0.029167 0.062963
4 0.986979 0.625926 0.026042 0.055556
4 0.945312 0.910185 0.030208 0.053704
4 0.903125 0.977778 0.03125 0.040741
4 0.990104 0.987037 0.019792 0.022222
