4 0.102697 0.43219 0.03527 0.027778
4 0.142116 0.076797 0.060166 0.045752
4 0.872407 0.449346 0.051867 0.039216
4 0.672199 0.800654 0.103734 0.078431
4 0.68361 0.640523 0.122407 0.153595
4 0.520747 0.767157 0.041494 0.031046
4 0.844398 0.688725 0.045643 0.04085
4 0.939834 0.652778 0.058091 0.031046
4 0.819502 0.584967 0.045643 0.042484
4 0.981328 0.537582 0.033195 0.03268
4 0.210581 0.44281 0.039419 0.026144
4 0.428423 0.570261 0.358921 0.281046
4 0.43361 0.287582 0.319502 0.232026
4 0.085062 0.340686 0.070539 0.080065
