4 0.869531 0.338028 0.079687 0.084507
4 0.647656 0.683099 0.167187 0.230047
4 0.513281 0.906103 0.220312 0.187793
4 0.376563 0.411972 0.240625 0.143192
4 0.264844 0.244131 0.048438 0.070423
4 0.14375 0.535211 0.046875 0.093897
4 0.574219 0.475352 0.032813 0.044601
4 0.682031 0.21831 0.217188 0.43662
4 0.1375 0.82277 0.228125 0.321596
4 0.370312 0.610329 0.2 0.220657
4 0.302344 0.901408 0.114062 0.150235
4 0.471875 0.16784 0.175 0.335681
4 0.453125 0.758216 0.034375 0.042254
4 0.658594 0.820423 0.023438 0.035211
