4 0.300781 0.887324 0.045312 0.042254
4 0.21875 0.933099 0.015625 0.025822
4 0.376563 0.36385 0.028125 0.042254
4 0.484375 0.262911 0.028125 0.051643
4 0.540625 0.273474 0.046875 0.053991
4 0.597656 0.176056 0.029687 0.037559
4 0.636719 0.051643 0.029687 0.042254
4 0.945312 0.188967 0.046875 0.06338
4 0.942969 0.35446 0.029687 0.042254
4 0.973437 0.553991 0.034375 0.051643
4 0.966406 0.908451 0.035937 0.070423
4 0.835156 0.838028 0.035937 0.051643
4 0.127344 0.84507 0.026562 0.051643
4 0.059375 0.751174 0.040625 0.107981
4 0.755469 0.228873 0.070312 0.105634
4 0.675781 0.438967 0.073438 0.098592
4 0.479687 0.394366 0.09375 0.126761
4 0.395313 0.71831 0.0625 0.075117
4 0.139844 0.318075 0.023438 0.039906
4 0.326562 0.254695 0.078125 0.06338
4 0.596094 0.521127 0.060937 0.084507
4 0.635938 0.336854 0.04375 0.068075
4 0.040625 0.565728 0.053125 0.042254
4 0.41875 0.868545 0.05 0.056338
4 0.357031 0.821596 0.051562 0.051643
4 0.229687 0.444836 0.065625 0.138498
4 0.529687 0.688967 0.028125 0.035211
4 0.610156 0.734742 0.032813 0.042254
4 0.277344 0.578638 0.029687 0.044601
4 0.391406 0.611502 0.032813 0.039906
4 0.200781 0.296948 0.042188 0.100939
4 0.330469 0.674883 0.026562 0.035211
4 0.826562 0.450704 0.034375 0.046948
4 0.027344 0.49061 0.026562 0.037559
4 0.198437 0.569249 0.021875 0.039906
4 0.153125 0.698357 0.03125 0.035211
