4 0.711321 0.910526 0.041509 0.031579
4 0.05283 0.023684 0.045283 0.047368
4 0.250943 0.192105 0.033962 0.047368
4 0.339623 0.168421 0.045283 0.073684
4 0.445283 0.131579 0.037736 0.042105
4 0.460377 0.231579 0.037736 0.063158
4 0.330189 0.278947 0.041509 0.052632
4 0.511321 0.384211 0.033962 0.052632
4 0.164151 0.507895 0.033962 0.057895
4 0.19434 0.610526 0.033962 0.042105
4 0.233962 0.6 0.030189 0.052632
4 0.330189 0.542105 0.026415 0.052632
4 0.379245 0.515789 0.056604 0.052632
4 0.479245 0.542105 0.037736 0.063158
4 0.550943 0.513158 0.030189 0.057895
4 0.673585 0.497368 0.056604 0.089474
4 0.807547 0.473684 0.037736 0.063158
4 0.892453 0.594737 0.033962 0.052632
4 0.735849 0.594737 0.037736 0.063158
4 0.813208 0.531579 0.033962 0.052632
4 0.784906 0.602632 0.037736 0.047368
4 0.801887 0.65 0.033962 0.047368
4 0.866038 0.876316 0.071698 0.089474
4 0.660377 0.628947 0.037736 0.047368
4 0.579245 0.742105 0.033962 0.052632
4 0.409434 0.676316 0.033962 0.068421
4 0.460377 0.786842 0.045283 0.068421
4 0.392453 0.773684 0.037736 0.063158
4 0.509434 0.839474 0.060377 0.078947
4 0.381132 0.868421 0.037736 0.052632
4 0.267925 0.855263 0.037736 0.068421
4 0.222642 0.881579 0.030189 0.057895
4 0.190566 0.697368 0.026415 0.047368
4 0.139623 0.7 0.030189 0.052632
4 0.135849 0.789474 0.045283 0.063158
4 0.056604 0.826316 0.045283 0.052632
4 0.037736 0.889474 0.05283 0.063158
