4 0.400781 0.334375 0.017188 0.01875
4 0.099219 0.685417 0.020313 0.029167
4 0.854688 0.392708 0.025 0.035417
4 0.239844 0.710417 0.048438 0.0375
4 0.1625 0.85 0.025 0.033333
4 0.208594 0.829167 0.054688 0.070833
4 0.486719 0.520833 0.023438 0.033333
4 0.41875 0.48125 0.03125 0.029167
4 0.617188 0.316667 0.184375 0.245833
4 0.307812 0.3 0.0375 0.029167
4 0.257031 0.335417 0.014063 0.020833
4 0.198437 0.504167 0.2 0.191667
4 0.420312 0.742708 0.13125 0.264583
4 0.08125 0.797917 0.0625 0.15
4 0.025 0.836458 0.05 0.077083
4 0.029687 0.342708 0.059375 0.16875
4 0.770312 0.657292 0.459375 0.427083
