4 0.682031 0.811033 0.039062 0.068075
4 0.425 0.796948 0.03125 0.058685
4 0.3625 0.494131 0.05 0.129108
4 0.650781 0.428404 0.226562 0.180751
4 0.660937 0.265258 0.053125 0.084507
4 0.757812 0.571596 0.05 0.068075
4 0.532031 0.642019 0.142187 0.199531
4 0.646094 0.558685 0.057813 0.084507
4 0.389844 0.650235 0.035937 0.061033
4 0.279687 0.751174 0.065625 0.107981
4 0.65625 0.688967 0.053125 0.077465
4 0.440625 0.713615 0.0375 0.065728
4 0.228906 0.158451 0.054688 0.08216
4 0.329688 0.133803 0.065625 0.103286
4 0.2875 0.359155 0.08125 0.089202
4 0.4125 0.411972 0.034375 0.058685
