4 0.51875 0.760563 0.053125 0.075117
4 0.714063 0.557512 0.03125 0.049296
4 0.48125 0.669014 0.03125 0.051643
4 0.425781 0.497653 0.035937 0.051643
4 0.596875 0.75939 0.028125 0.049296
4 0.658594 0.599765 0.029687 0.053991
4 0.652344 0.342723 0.032813 0.051643
4 0.328906 0.599765 0.029687 0.049296
4 0.407813 0.573944 0.06875 0.086854
4 0.317188 0.485915 0.0875 0.131455
4 0.209375 0.352113 0.034375 0.051643
4 0.665625 0.497653 0.040625 0.112676
4 0.4125 0.692488 0.0875 0.126761
4 0.546875 0.491784 0.146875 0.302817
