4 0.575781 0.584706 0.042188 0.063529
4 0.675 0.742353 0.0375 0.063529
4 0.511719 0.836471 0.035937 0.063529
4 0.382031 0.814118 0.045312 0.061176
4 0.385156 0.667059 0.035937 0.054118
4 0.891406 0.927059 0.039062 0.056471
4 0.294531 0.483529 0.060937 0.115294
4 0.2 0.409412 0.05 0.070588
4 0.105469 0.36 0.039062 0.056471
4 0.16875 0.627059 0.040625 0.063529
4 0.102344 0.663529 0.042188 0.051765
4 0.182812 0.032941 0.040625 0.056471
4 0.769531 0.558824 0.042188 0.054118
4 0.79375 0.644706 0.0375 0.056471
4 0.390625 0.023529 0.040625 0.047059
4 0.45625 0.325882 0.0375 0.058824
4 0.327344 0.194118 0.039062 0.068235
4 0.234375 0.167059 0.0375 0.056471
4 0.073438 0.183529 0.040625 0.061176
