4 0.318359 0.914583 0.235156 0.170833
4 0.026562 0.386806 0.023438 0.031944
4 0.751953 0.302778 0.496094 0.605556
4 0.942969 0.715278 0.114062 0.125
4 0.565234 0.875 0.007031 0.013889
4 0.588672 0.916667 0.007031 0.011111
4 0.699609 0.897917 0.007031 0.0125
4 0.658594 0.952083 0.007812 0.015278
4 0.670703 0.980556 0.013281 0.019444
4 0.780469 0.733333 0.117188 0.102778
4 0.797266 0.948611 0.010156 0.019444
4 0.832422 0.911111 0.011719 0.016667
4 0.854688 0.908333 0.007812 0.011111
4 0.875781 0.9 0.010937 0.016667
4 0.901172 0.870139 0.011719 0.018056
4 0.919531 0.850694 0.009375 0.0125
4 0.928906 0.898611 0.010937 0.016667
4 0.882031 0.975694 0.00625 0.009722
4 0.926562 0.992361 0.00625 0.015278
4 0.983203 0.945139 0.010156 0.015278
