4 0.059375 0.805208 0.11875 0.14375
4 0.104688 0.697917 0.01875 0.029167
4 0.214844 0.833333 0.057813 0.070833
4 0.167187 0.855208 0.025 0.039583
4 0.624219 0.325 0.182812 0.25
4 0.030469 0.355208 0.060937 0.16875
4 0.5125 0.671875 0.30625 0.402083
4 0.200781 0.507292 0.201563 0.197917
4 0.244531 0.715625 0.048438 0.039583
4 0.310156 0.30625 0.042188 0.029167
4 0.261719 0.340625 0.014063 0.022917
4 0.407031 0.338542 0.014063 0.01875
4 0.858594 0.405208 0.026562 0.035417
4 0.829688 0.697917 0.2875 0.354167
