4 0.590625 0.406103 0.028125 0.042254
4 0.925781 0.305164 0.029687 0.046948
4 0.790625 0.225352 0.028125 0.037559
4 0.667188 0.397887 0.021875 0.039906
4 0.575781 0.307512 0.035937 0.037559
4 0.532031 0.015258 0.026562 0.030516
4 0.238281 0.04108 0.020313 0.030516
4 0.24375 0.206573 0.028125 0.042254
4 0.171875 0.258216 0.03125 0.056338
4 0.245312 0.336854 0.040625 0.044601
4 0.185156 0.60446 0.032813 0.049296
4 0.126562 0.471831 0.025 0.046948
4 0.292187 0.480047 0.025 0.039906
4 0.288281 0.660798 0.020313 0.039906
4 0.360938 0.737089 0.025 0.042254
4 0.563281 0.91784 0.035937 0.037559
4 0.714844 0.714789 0.026562 0.044601
4 0.457813 0.687793 0.05 0.046948
4 0.3625 0.627934 0.053125 0.091549
4 0.352344 0.530516 0.057813 0.056338
4 0.185938 0.703052 0.128125 0.096244
4 0.475781 0.808685 0.048438 0.096244
