1 0.854861 0.865625 0.023611 0.009375
1 0.214583 0.782422 0.045833 0.025781
1 0.309722 0.766016 0.041667 0.022656
1 0.388194 0.794922 0.031944 0.016406
1 0.320139 0.822656 0.031944 0.010937
1 0.113889 0.821875 0.027778 0.014063
1 0.147222 0.853906 0.038889 0.023438
1 0.068056 0.916797 0.011111 0.005469
1 0.121528 0.951562 0.031944 0.009375
1 0.404167 0.993359 0.013889 0.005469
1 0.3 0.953516 0.016667 0.016406
1 0.035417 0.695312 0.031944 0.021875
1 0.35 0.916016 0.019444 0.008594
1 0.488889 0.892188 0.022222 0.017188
1 0.648611 0.895703 0.019444 0.014844
1 0.69375 0.907031 0.051389 0.020313
1 0.746528 0.961328 0.020833 0.010156
1 0.861111 0.950781 0.019444 0.009375
1 0.959028 0.931641 0.029167 0.013281
1 0.738194 0.888672 0.020833 0.011719
1 0.147917 0.711719 0.079167 0.026562
1 0.714583 0.826953 0.095833 0.039844
1 0.831944 0.8 0.030556 0.023438
1 0.883333 0.794531 0.047222 0.020313
1 0.5875 0.699609 0.025 0.014844
1 0.407639 0.655469 0.0625 0.029687
1 0.145833 0.598047 0.111111 0.035156
1 0.363889 0.578125 0.105556 0.035937
1 0.817361 0.591797 0.2375 0.088281
1 0.189583 0.260547 0.101389 0.039844
1 0.145139 0.225 0.140278 0.059375
