1 0.702778 0.725391 0.027778 0.027344
1 0.764583 0.723437 0.043056 0.03125
1 0.853472 0.736719 0.115278 0.032813
1 0.597222 0.816016 0.052778 0.057031
1 0.64375 0.857422 0.0875 0.057031
1 0.854167 0.932813 0.047222 0.035937
1 0.963889 0.889844 0.072222 0.057813
1 0.984028 0.926562 0.031944 0.04375
1 0.461806 0.432031 0.076389 0.040625
1 0.425694 0.451953 0.023611 0.030469
1 0.500694 0.503516 0.031944 0.032031
1 0.4875 0.567187 0.027778 0.026562
1 0.426389 0.615625 0.013889 0.029687
1 0.55625 0.463281 0.026389 0.021875
0 0.561806 0.487109 0.029167 0.024219
1 0.696528 0.506641 0.073611 0.046094
1 0.710417 0.486328 0.056944 0.022656
1 0.55625 0.521484 0.048611 0.030469
1 0.546528 0.578906 0.056944 0.03125
1 0.608333 0.589063 0.05 0.035937
1 0.660417 0.608594 0.081944 0.042188
1 0.936111 0.562891 0.069444 0.052344
1 0.802083 0.616016 0.068056 0.028906
1 0.831944 0.658984 0.094444 0.075781
1 0.584722 0.638672 0.022222 0.019531
1 0.513889 0.653906 0.119444 0.040625
1 0.456944 0.701172 0.030556 0.024219
1 0.503472 0.692187 0.020833 0.03125
1 0.515278 0.717969 0.038889 0.021875
1 0.492361 0.741406 0.020833 0.021875
