1 0.936111 0.659766 0.066667 0.025781
1 0.686806 0.553906 0.0375 0.01875
1 0.597222 0.460938 0.055556 0.017188
1 0.606944 0.474609 0.038889 0.011719
1 0.388889 0.507031 0.038889 0.017188
1 0.779861 0.615625 0.070833 0.03125
1 0.372917 0.635156 0.043056 0.028125
1 0.565278 0.654297 0.030556 0.016406
1 0.565278 0.573047 0.091667 0.041406
1 0.513889 0.591406 0.097222 0.029687
1 0.752083 0.656641 0.040278 0.022656
1 0.721528 0.676172 0.0625 0.022656
1 0.963194 0.726172 0.073611 0.028906
1 0.809722 0.700781 0.072222 0.026562
1 0.788889 0.703125 0.072222 0.029687
1 0.620139 0.695312 0.034722 0.017188
1 0.654167 0.682031 0.05 0.026562
1 0.553472 0.701562 0.040278 0.015625
1 0.436806 0.673438 0.031944 0.015625
1 0.454167 0.681641 0.022222 0.008594
1 0.516667 0.655078 0.047222 0.022656
1 0.494444 0.639844 0.027778 0.009375
1 0.252778 0.705859 0.033333 0.021094
1 0.43125 0.701953 0.0375 0.016406
1 0.4125 0.712891 0.036111 0.013281
1 0.391667 0.726953 0.044444 0.017969
1 0.374306 0.692187 0.031944 0.017188
1 0.486111 0.728125 0.030556 0.01875
1 0.604861 0.729688 0.043056 0.020313
1 0.640972 0.746484 0.031944 0.016406
1 0.827778 0.754687 0.066667 0.028125
1 0.861806 0.772656 0.056944 0.023438
1 0.860417 0.8 0.054167 0.028125
1 0.84375 0.825391 0.068056 0.024219
1 0.780556 0.821484 0.05 0.024219
1 0.713889 0.814063 0.063889 0.028125
1 0.641667 0.808594 0.038889 0.01875
1 0.619444 0.783594 0.036111 0.01875
1 0.577083 0.757812 0.045833 0.023438
1 0.630556 0.772266 0.044444 0.028906
1 0.527778 0.749219 0.058333 0.021875
1 0.469444 0.75625 0.033333 0.023438
1 0.41875 0.772656 0.026389 0.017188
0 0.7875 0.491016 0.038889 0.033594
1 0.198611 0.116797 0.008333 0.003906
1 0.459722 0.785937 0.033333 0.020313
1 0.277778 0.782422 0.036111 0.024219
1 0.375694 0.770703 0.065278 0.022656
1 0.357639 0.786328 0.045833 0.017969
1 0.472222 0.814453 0.027778 0.014844
1 0.554861 0.829297 0.031944 0.013281
1 0.60625 0.847656 0.034722 0.01875
1 0.661806 0.855859 0.048611 0.022656
1 0.715972 0.876172 0.056944 0.019531
1 0.811806 0.898047 0.0625 0.021094
1 0.879861 0.916797 0.076389 0.028906
1 0.823611 0.841797 0.066667 0.016406
1 0.976389 0.870703 0.047222 0.032031
1 0.75 0.905859 0.036111 0.021094
1 0.625 0.898828 0.05 0.032031
1 0.839583 0.963281 0.0375 0.026562
1 0.800694 0.970313 0.051389 0.025
1 0.967361 0.939844 0.048611 0.028125
1 0.750694 0.988672 0.070833 0.022656
1 0.603472 0.947266 0.045833 0.024219
1 0.5375 0.960156 0.033333 0.021875
1 0.447222 0.944141 0.038889 0.014844
1 0.342361 0.966797 0.034722 0.024219
1 0.339583 0.935156 0.0375 0.01875
1 0.326389 0.897266 0.025 0.016406
1 0.376389 0.9 0.038889 0.026562
1 0.340278 0.914062 0.022222 0.010937
1 0.565972 0.862109 0.045833 0.021094
1 0.554167 0.887109 0.055556 0.022656
1 0.522222 0.899609 0.047222 0.024219
1 0.471528 0.908984 0.0625 0.028906
1 0.419444 0.867578 0.041667 0.022656
1 0.388194 0.840625 0.0375 0.020313
1 0.440972 0.827734 0.0375 0.027344
1 0.382639 0.811719 0.034722 0.017188
1 0.3375 0.833203 0.047222 0.024219
1 0.343056 0.807813 0.041667 0.017188
1 0.517361 0.860156 0.0375 0.032813
1 0.648611 0.869531 0.038889 0.01875
