1 0.9375 0.682813 0.055556 0.01875
0 0.834028 0.469141 0.043056 0.036719
1 0.80625 0.323828 0.073611 0.033594
1 0.53125 0.356641 0.051389 0.024219
1 0.677083 0.357031 0.059722 0.039062
1 0.736111 0.371875 0.058333 0.04375
1 0.771528 0.405469 0.065278 0.025
1 0.786806 0.427344 0.081944 0.035937
1 0.906944 0.428906 0.055556 0.040625
1 0.528472 0.439063 0.0625 0.034375
1 0.629861 0.438281 0.054167 0.021875
1 0.769444 0.477344 0.047222 0.029687
1 0.925 0.501953 0.080556 0.030469
1 0.618056 0.486719 0.052778 0.01875
1 0.559722 0.496094 0.066667 0.034375
1 0.361111 0.521484 0.069444 0.032031
1 0.475694 0.532031 0.043056 0.020313
1 0.582639 0.530469 0.045833 0.025
1 0.411806 0.576562 0.023611 0.0125
1 0.397917 0.606641 0.081944 0.028906
1 0.517361 0.594922 0.0375 0.019531
1 0.467361 0.576953 0.029167 0.025781
1 0.505556 0.564453 0.063889 0.028906
1 0.580556 0.594141 0.038889 0.022656
1 0.60625 0.591797 0.0375 0.022656
1 0.653472 0.605078 0.065278 0.033594
1 0.725 0.600391 0.047222 0.021094
1 0.748611 0.6 0.038889 0.040625
1 0.680556 0.533984 0.044444 0.017969
1 0.890278 0.56875 0.058333 0.03125
1 0.715278 0.525781 0.052778 0.025
1 0.468056 0.626172 0.069444 0.028906
1 0.528472 0.641797 0.040278 0.013281
1 0.566667 0.658984 0.041667 0.017969
1 0.76875 0.653906 0.031944 0.017188
1 0.859722 0.687891 0.061111 0.033594
1 0.722222 0.6875 0.033333 0.015625
1 0.661111 0.708984 0.041667 0.019531
1 0.479861 0.697266 0.056944 0.019531
1 0.483333 0.75 0.075 0.028125
1 0.571528 0.789453 0.0625 0.025781
1 0.693056 0.772656 0.041667 0.01875
1 0.752778 0.759375 0.058333 0.017188
1 0.945139 0.767969 0.054167 0.023438
1 0.616667 0.771094 0.044444 0.01875
1 0.407639 0.822656 0.045833 0.01875
1 0.497222 0.846875 0.038889 0.014063
1 0.60625 0.842969 0.059722 0.026562
1 0.663889 0.839063 0.055556 0.020313
1 0.724306 0.860156 0.034722 0.020313
1 0.920139 0.81875 0.073611 0.042188
1 0.973611 0.841016 0.052778 0.035156
1 0.83125 0.731641 0.068056 0.022656
1 0.847917 0.752344 0.0625 0.021875
1 0.697917 0.741406 0.051389 0.029687
1 0.568056 0.698828 0.030556 0.017969
1 0.535417 0.719922 0.056944 0.027344
1 0.514583 0.880859 0.056944 0.036719
1 0.638889 0.920312 0.072222 0.023438
1 0.559722 0.970313 0.075 0.025
1 0.709722 0.951562 0.063889 0.040625
1 0.711806 0.989844 0.045833 0.020313
1 0.827083 0.977344 0.0625 0.028125
1 0.904861 0.980078 0.1125 0.039844
1 0.975 0.938281 0.05 0.020313
1 0.722222 0.9 0.047222 0.026562
1 0.666667 0.888672 0.05 0.022656
1 0.704861 0.493359 0.020833 0.041406
1 0.422917 0.682813 0.034722 0.017188
1 0.4125 0.69375 0.019444 0.014063
1 0.215972 0.033203 0.006944 0.005469
