1 0.145369 0.237891 0.023447 0.010156
1 0.065064 0.280859 0.026964 0.016406
1 0.94959 0.373828 0.037515 0.024219
1 0.799531 0.351953 0.021102 0.007031
1 0.563892 0.342187 0.042204 0.0125
1 0.610199 0.371875 0.01993 0.00625
1 0.308324 0.395703 0.037515 0.011719
1 0.296014 0.411328 0.031653 0.008594
1 0.509965 0.403125 0.037515 0.025
1 0.031067 0.395703 0.029308 0.016406
1 0.089097 0.428906 0.030481 0.007812
1 0.211606 0.467578 0.010551 0.005469
1 0.494725 0.480859 0.007034 0.003906
1 0.766706 0.478906 0.03517 0.017188
1 0.92204 0.528125 0.038687 0.010937
1 0.869871 0.566797 0.011723 0.005469
1 0.223916 0.505859 0.016413 0.007031
1 0.152989 0.523438 0.029308 0.010937
1 0.062134 0.571094 0.007034 0.009375
1 0.116061 0.578516 0.011723 0.005469
1 0.19871 0.585938 0.008206 0.00625
1 0.669988 0.224609 0.026964 0.010156
1 0.556858 0.125781 0.053927 0.023438
1 0.222743 0.591016 0.009379 0.003906
1 0.556272 0.524609 0.005862 0.007031
1 0.569754 0.514453 0.007034 0.003906
1 0.671747 0.560937 0.007034 0.004687
1 0.682298 0.585547 0.007034 0.003906
1 0.708089 0.630859 0.007034 0.003906
1 0.483001 0.571094 0.009379 0.00625
1 0.28898 0.603906 0.01524 0.007812
1 0.213365 0.576172 0.007034 0.002344
1 0.348769 0.603906 0.008206 0.004687
1 0.162368 0.612891 0.010551 0.003906
1 0.169402 0.635547 0.01993 0.019531
1 0.242673 0.626172 0.009379 0.002344
1 0.338804 0.644141 0.007034 0.003906
1 0.400352 0.630469 0.012896 0.00625
1 0.083822 0.753906 0.01524 0.004687
1 0.648886 0.868359 0.005862 0.003906
1 0.782532 0.876953 0.005862 0.002344
1 0.745018 0.875781 0.005862 0.003125
