1 0.861719 0.522816 0.03125 0.033898
1 0.522656 0.363755 0.034375 0.052151
1 0.571875 0.389179 0.034375 0.032595
1 0.582031 0.456323 0.029687 0.039113
1 0.517188 0.449153 0.032813 0.066493
1 0.676562 0.529335 0.032813 0.052151
1 0.70625 0.562581 0.029687 0.03781
1 0.694141 0.598435 0.032031 0.044329
1 0.709375 0.682529 0.03125 0.032595
1 0.520703 0.546284 0.032031 0.052151
1 0.558203 0.543677 0.030469 0.031291
1 0.607422 0.592568 0.032031 0.045632
1 0.640625 0.685789 0.03125 0.041721
1 0.622656 0.72751 0.032813 0.028683
1 0.954688 0.372229 0.032813 0.043025
1 0.526953 0.64146 0.030469 0.057366
1 0.523828 0.601695 0.030469 0.045632
1 0.496875 0.615385 0.029687 0.018253
1 0.448437 0.579531 0.03125 0.043025
1 0.424609 0.557366 0.032031 0.043025
1 0.585156 0.840939 0.032813 0.026076
1 0.514062 0.769883 0.032813 0.035202
1 0.460938 0.732725 0.03125 0.02086
1 0.455078 0.691004 0.033594 0.052151
1 0.406641 0.667536 0.032031 0.052151
1 0.577344 0.660365 0.03125 0.04824
1 0.795312 0.258149 0.032813 0.078227
