1 0.8875 0.924609 0.019444 0.008594
1 0.254167 0.980078 0.025 0.014844
1 0.078472 0.98125 0.029167 0.009375
1 0.267361 0.916797 0.020833 0.011719
1 0.411111 0.891797 0.019444 0.019531
1 0.686111 0.901563 0.019444 0.0125
1 0.661806 0.891797 0.045833 0.025781
1 0.553472 0.885547 0.026389 0.022656
1 0.534028 0.994141 0.015278 0.010156
1 0.643056 0.961719 0.013889 0.007812
1 0.78125 0.958984 0.0125 0.011719
1 0.801389 0.860938 0.025 0.015625
1 0.770139 0.803125 0.131944 0.045312
1 0.852778 0.777344 0.072222 0.028125
1 0.741667 0.792578 0.027778 0.013281
1 0.0625 0.853125 0.047222 0.01875
1 0.019444 0.825 0.033333 0.017188
1 0.239583 0.811719 0.031944 0.021875
1 0.157639 0.765234 0.051389 0.021094
1 0.31875 0.778516 0.031944 0.011719
1 0.215972 0.748047 0.056944 0.032031
1 0.061806 0.671094 0.073611 0.0375
1 0.5125 0.675391 0.036111 0.017969
1 0.4 0.621875 0.094444 0.042188
1 0.110417 0.520703 0.084722 0.042969
1 0.349306 0.501563 0.145833 0.0375
1 0.134028 0.103906 0.140278 0.059375
