1 0.541016 0.752052 0.013281 0.01524
1 0.60625 0.615475 0.0125 0.011723
1 0.636328 0.611958 0.011719 0.011723
1 0.474219 0.559789 0.0125 0.012896
1 0.466797 0.439625 0.010156 0.014068
1 0.59375 0.493552 0.010937 0.011723
1 0.694531 0.54279 0.010937 0.016413
1 0.761328 0.440797 0.014844 0.014068
1 0.926562 0.417937 0.010937 0.010551
1 0.908594 0.379836 0.010937 0.011723
1 0.240234 0.83646 0.008594 0.010551
1 0.357812 0.742673 0.015625 0.008206
1 0.436328 0.810082 0.010156 0.011723
1 0.440625 0.7966 0.0125 0.010551
1 0.629297 0.708675 0.014844 0.012896
1 0.5875 0.720399 0.014063 0.012896
1 0.536719 0.724502 0.0125 0.009379
1 0.464062 0.686401 0.010937 0.01524
