1 0.536328 0.660417 0.013281 0.023611
1 0.726953 0.405556 0.016406 0.038889
1 0.834766 0.447222 0.019531 0.030556
1 0.902344 0.615972 0.01875 0.029167
2 0.489844 0.332639 0.482812 0.195833
1 0.984375 0.356944 0.026562 0.075
1 0.008984 0.708333 0.014844 0.033333
1 0.061719 0.473611 0.0125 0.033333
1 0.080859 0.395139 0.013281 0.034722
1 0.141797 0.295139 0.014844 0.0375
1 0.222656 0.349306 0.014063 0.020833
1 0.271484 0.347917 0.016406 0.031944
1 0.251563 0.498611 0.0125 0.019444
1 0.323437 0.470139 0.01875 0.031944
1 0.3625 0.502083 0.015625 0.054167
1 0.376563 0.649306 0.01875 0.034722
1 0.396094 0.605556 0.014063 0.05
1 0.442969 0.577083 0.020313 0.054167
1 0.530469 0.56875 0.01875 0.045833
1 0.615234 0.545833 0.021094 0.036111
