1 0.168359 0.188194 0.016406 0.034722
1 0.242188 0.2375 0.017188 0.030556
1 0.278906 0.234028 0.01875 0.034722
1 0.244922 0.403472 0.017969 0.020833
1 0.371875 0.452778 0.015625 0.025
1 0.659375 0.304861 0.028125 0.018056
1 0.759375 0.333333 0.01875 0.016667
1 0.824609 0.475 0.022656 0.019444
1 0.907031 0.263194 0.028125 0.0375
1 0.910156 0.227778 0.020313 0.033333
2 0.487109 0.336806 0.492969 0.2125
1 0.388672 0.698611 0.017969 0.025
1 0.0375 0.586806 0.01875 0.034722
1 0.101172 0.370833 0.021094 0.033333
1 0.110547 0.282639 0.021094 0.031944
