1 0.106944 0.284766 0.211111 0.074219
1 0.049306 0.136328 0.095833 0.035156
1 0.252778 0.36875 0.127778 0.048438
1 0.404167 0.612891 0.072222 0.032031
1 0.779861 0.703125 0.1625 0.064062
1 0.669444 0.723047 0.030556 0.017969
1 0.418056 0.679297 0.061111 0.025781
1 0.204861 0.652344 0.095833 0.028125
1 0.086806 0.709375 0.0375 0.0125
1 0.252778 0.729297 0.069444 0.032031
1 0.279167 0.791406 0.041667 0.023438
1 0.375694 0.780469 0.0375 0.021875
1 0.463889 0.801172 0.027778 0.017969
1 0.388194 0.825781 0.023611 0.010937
1 0.202083 0.820312 0.029167 0.0125
1 0.246528 0.844141 0.029167 0.024219
1 0.163889 0.923047 0.016667 0.014844
1 0.35 0.934375 0.019444 0.014063
1 0.429861 0.916797 0.020833 0.013281
1 0.440278 0.968359 0.016667 0.007031
1 0.555556 0.897266 0.019444 0.013281
1 0.689583 0.832422 0.068056 0.035156
1 0.725694 0.913672 0.054167 0.022656
1 0.797917 0.872656 0.015278 0.0125
1 0.904167 0.814453 0.025 0.013281
1 0.911111 0.806641 0.041667 0.019531
1 0.921528 0.861719 0.018056 0.017188
1 0.94375 0.939063 0.020833 0.00625
1 0.840972 0.965625 0.023611 0.010937
1 0.081944 0.885547 0.008333 0.005469
