1 0.523447 0.751953 0.010551 0.005469
1 0.060375 0.888672 0.010551 0.003906
1 0.16354 0.927734 0.017585 0.007031
1 0.547479 0.883203 0.009379 0.005469
1 0.854631 0.945703 0.018757 0.005469
1 0.985346 0.909766 0.01524 0.005469
1 0.957796 0.887109 0.016413 0.007031
1 0.918523 0.900781 0.012896 0.00625
1 0.636577 0.853906 0.009379 0.004687
1 0.498242 0.835938 0.014068 0.00625
1 0.413247 0.831641 0.017585 0.008594
1 0.770223 0.723437 0.011723 0.004687
1 0.736811 0.70625 0.010551 0.004687
1 0.77374 0.692578 0.025791 0.005469
1 0.541032 0.722656 0.012896 0.004687
1 0.419695 0.698438 0.016413 0.00625
1 0.222743 0.719531 0.014068 0.004687
1 0.470692 0.654687 0.022274 0.01875
1 0.436108 0.653906 0.023447 0.0125
1 0.488863 0.597656 0.028136 0.0125
1 0.614889 0.58125 0.038687 0.00625
1 0.648886 0.575391 0.041032 0.008594
1 0.696952 0.577734 0.029308 0.011719
1 0.74619 0.558594 0.041032 0.007812
1 0.674091 0.557813 0.032825 0.010937
1 0.695193 0.512109 0.032825 0.016406
1 0.552755 0.507422 0.029308 0.014844
1 0.451348 0.512109 0.028136 0.011719
1 0.343494 0.652734 0.023447 0.007031
1 0.35932 0.647656 0.022274 0.00625
1 0.356975 0.638672 0.024619 0.013281
1 0.335287 0.632422 0.025791 0.008594
1 0.124267 0.623047 0.011723 0.003906
1 0.268464 0.609766 0.023447 0.007031
1 0.250293 0.602344 0.024619 0.0125
1 0.033998 0.546094 0.030481 0.010937
1 0.029894 0.532422 0.029308 0.011719
1 0.092028 0.516016 0.012896 0.008594
1 0.08558 0.530859 0.030481 0.013281
1 0.14068 0.534375 0.037515 0.021875
1 0.202227 0.525 0.026964 0.014063
1 0.286635 0.510938 0.031653 0.010937
1 0.624853 0.417969 0.016413 0.009375
1 0.817702 0.403906 0.01993 0.007812
1 0.762603 0.364453 0.017585 0.008594
