1 0.136719 0.230556 0.014063 0.025
1 0.601562 0.184028 0.025 0.031944
1 0.534766 0.245833 0.030469 0.030556
1 0.360156 0.441667 0.014063 0.019444
1 0.36875 0.289583 0.007812 0.020833
1 0.332422 0.243056 0.024219 0.016667
1 0.244141 0.273611 0.011719 0.030556
1 0.280469 0.135417 0.0125 0.018056
1 0.260937 0.099306 0.017188 0.034722
1 0.189453 0.083333 0.016406 0.025
1 0.128125 0.172917 0.017188 0.029167
1 0.057422 0.442361 0.017969 0.018056
1 0.7625 0.3 0.014063 0.025
1 0.699219 0.202083 0.01875 0.029167
1 0.841016 0.140278 0.022656 0.027778
1 0.860938 0.10625 0.029687 0.031944
2 0.4875 0.322222 0.498437 0.205556
