1 0.523047 0.345139 0.008594 0.006944
1 0.705469 0.749306 0.010937 0.023611
1 0.514844 0.342361 0.009375 0.009722
1 0.530469 0.345139 0.007812 0.006944
1 0.539062 0.350694 0.007812 0.006944
1 0.548438 0.343056 0.009375 0.008333
1 0.556641 0.35 0.010156 0.008333
1 0.540234 0.372917 0.016406 0.0125
1 0.571484 0.365972 0.014844 0.006944
1 0.592578 0.367361 0.013281 0.009722
1 0.600391 0.390278 0.013281 0.008333
1 0.614844 0.388194 0.014063 0.0125
1 0.627344 0.386111 0.010937 0.008333
1 0.642188 0.385417 0.009375 0.0125
1 0.703906 0.367361 0.014063 0.015278
1 0.746484 0.363889 0.008594 0.008333
1 0.764453 0.375694 0.011719 0.0125
1 0.779297 0.375 0.013281 0.008333
1 0.796094 0.369444 0.010937 0.011111
1 0.814063 0.371528 0.014063 0.0125
1 0.800391 0.41875 0.010156 0.009722
1 0.863281 0.443056 0.014063 0.011111
1 0.885156 0.448611 0.0125 0.008333
1 0.942578 0.452778 0.011719 0.008333
1 0.963281 0.415972 0.014063 0.015278
1 0.988672 0.420139 0.010156 0.009722
1 0.927734 0.420833 0.016406 0.016667
1 0.910547 0.4125 0.005469 0.005556
1 0.893359 0.415972 0.011719 0.0125
1 0.836719 0.382639 0.014063 0.009722
1 0.855078 0.39375 0.013281 0.009722
1 0.876563 0.399306 0.0125 0.006944
1 0.890234 0.370139 0.013281 0.0125
