1 0.889453 0.811176 0.082031 0.062353
1 0.685547 0.705882 0.071094 0.023529
1 0.721875 0.781765 0.08125 0.043529
1 0.946094 0.520588 0.054688 0.050588
1 0.849219 0.437647 0.057813 0.042353
1 0.696484 0.412353 0.053906 0.041176
1 0.403906 0.348235 0.0625 0.063529
1 0.498828 0.361176 0.058594 0.030588
1 0.568359 0.362941 0.074219 0.071765
1 0.532422 0.473529 0.067969 0.06
1 0.539844 0.505294 0.0625 0.055294
1 0.556641 0.645294 0.061719 0.024706
1 0.582422 0.604118 0.063281 0.048235
1 0.539062 0.596471 0.067187 0.044706
1 0.432031 0.870588 0.070312 0.070588
1 0.433984 0.799412 0.080469 0.064706
1 0.494141 0.605882 0.060156 0.047059
1 0.544922 0.797059 0.055469 0.048235
1 0.611328 0.818235 0.083594 0.067059
1 0.501953 0.585882 0.061719 0.061176
1 0.336719 0.805882 0.0625 0.056471
1 0.071875 0.778824 0.070312 0.068235
1 0.126953 0.767647 0.074219 0.045882
1 0.185938 0.788235 0.065625 0.058824
1 0.157422 0.718824 0.080469 0.061176
1 0.243359 0.721765 0.067969 0.041176
1 0.301172 0.764706 0.102344 0.127059
1 0.514062 0.827059 0.059375 0.044706
