1 0.298611 0.063281 0.05 0.029687
0 0.663194 0.542578 0.029167 0.028906
1 0.482639 0.505859 0.043056 0.014844
1 0.361111 0.602344 0.047222 0.021875
1 0.809722 0.394922 0.033333 0.024219
1 0.44375 0.354297 0.048611 0.024219
1 0.232639 0.410156 0.029167 0.021875
1 0.621528 0.289844 0.040278 0.040625
1 0.411806 0.265625 0.0375 0.023438
1 0.357639 0.275391 0.018056 0.036719
1 0.317361 0.269531 0.0375 0.025
1 0.254861 0.263281 0.026389 0.028125
1 0.58125 0.224219 0.029167 0.017188
1 0.649306 0.171094 0.043056 0.017188
1 0.690278 0.133203 0.061111 0.024219
1 0.929167 0.029297 0.055556 0.053906
1 0.838194 0.040625 0.045833 0.078125
1 0.745833 0.019141 0.069444 0.022656
1 0.729167 0.016797 0.052778 0.022656
1 0.735417 0.018359 0.065278 0.022656
1 0.660417 0.071094 0.034722 0.01875
1 0.61875 0.063672 0.048611 0.013281
1 0.530556 0.062891 0.058333 0.016406
1 0.553472 0.102734 0.029167 0.033594
1 0.490278 0.092188 0.061111 0.021875
1 0.45625 0.110156 0.084722 0.03125
1 0.422917 0.094141 0.034722 0.022656
1 0.491667 0.186719 0.033333 0.028125
1 0.390278 0.178125 0.044444 0.01875
1 0.263194 0.171094 0.026389 0.021875
1 0.273611 0.151172 0.022222 0.025781
1 0.220139 0.162891 0.031944 0.017969
1 0.181944 0.177734 0.036111 0.022656
1 0.077778 0.174609 0.033333 0.032031
1 0.331944 0.096094 0.044444 0.023438
1 0.328472 0.107813 0.026389 0.017188
1 0.205556 0.094922 0.05 0.024219
1 0.240972 0.01875 0.070833 0.020313
1 0.079167 0.021484 0.030556 0.032031
