1 0.258203 0.467361 0.010156 0.026389
2 0.489844 0.34375 0.476562 0.190278
1 0.018359 0.589583 0.011719 0.043056
1 0.047656 0.516667 0.014063 0.025
1 0.109766 0.431944 0.013281 0.041667
1 0.202734 0.467361 0.013281 0.034722
1 0.254297 0.597917 0.011719 0.029167
1 0.288672 0.604167 0.007031 0.025
1 0.361328 0.649306 0.014844 0.031944
1 0.371094 0.794444 0.010937 0.027778
1 0.447266 0.784028 0.010156 0.0375
1 0.521484 0.71875 0.028906 0.051389
1 0.671875 0.724306 0.0125 0.029167
1 0.594141 0.884028 0.011719 0.034722
1 0.801953 0.54375 0.014844 0.054167
1 0.915625 0.552778 0.01875 0.041667
