1 0.249306 0.036719 0.0375 0.017188
1 0.05625 0.639453 0.009722 0.007031
1 0.324306 0.100781 0.034722 0.017188
1 0.250694 0.010156 0.056944 0.020313
0 0.639583 0.573047 0.031944 0.033594
1 0.2625 0.3375 0.055556 0.010937
1 0.272222 0.315625 0.047222 0.015625
1 0.509028 0.270703 0.031944 0.013281
1 0.322917 0.25625 0.045833 0.014063
1 0.159722 0.264062 0.030556 0.017188
1 0.453472 0.2125 0.043056 0.021875
1 0.388889 0.223047 0.016667 0.014844
1 0.352083 0.234375 0.040278 0.01875
1 0.351389 0.208203 0.033333 0.017969
1 0.418056 0.182422 0.022222 0.011719
1 0.461806 0.166797 0.034722 0.017969
1 0.393056 0.166797 0.027778 0.016406
1 0.325694 0.19375 0.0375 0.0125
1 0.310417 0.160547 0.040278 0.013281
1 0.492361 0.080078 0.034722 0.011719
1 0.547917 0.039844 0.034722 0.015625
1 0.547222 0.006641 0.033333 0.010156
1 0.518056 0.020703 0.016667 0.010156
1 0.460417 0.005078 0.031944 0.010156
1 0.373611 0.049609 0.038889 0.016406
1 0.409722 0.082422 0.033333 0.013281
1 0.402083 0.114453 0.0375 0.014844
1 0.432639 0.115625 0.031944 0.01875
1 0.345833 0.121484 0.025 0.014844
1 0.275694 0.180859 0.040278 0.014844
1 0.286111 0.191797 0.033333 0.008594
1 0.268056 0.2 0.030556 0.009375
1 0.220833 0.169922 0.033333 0.010156
1 0.248611 0.147266 0.033333 0.016406
1 0.186111 0.149219 0.038889 0.0125
1 0.182639 0.135547 0.026389 0.014844
1 0.252083 0.110547 0.040278 0.013281
1 0.139583 0.128125 0.034722 0.01875
1 0.144444 0.083594 0.033333 0.01875
1 0.090278 0.103125 0.033333 0.014063
1 0.036111 0.063281 0.041667 0.007812
1 0.136806 0.039453 0.034722 0.013281
1 0.082639 0.024219 0.040278 0.014063
1 0.072222 0.010156 0.05 0.017188
1 0.151389 0.016016 0.033333 0.017969
1 0.20625 0.008203 0.029167 0.011719
1 0.354861 0.022656 0.034722 0.0125
1 0.3125 0.029687 0.038889 0.015625
1 0.31875 0.015625 0.034722 0.0125
1 0.208333 0.079297 0.086111 0.014844
1 0.270139 0.075 0.034722 0.01875
