1 0.447222 0.674219 0.019444 0.010937
1 0.253472 0.747656 0.023611 0.009375
1 0.251389 0.751953 0.022222 0.010156
1 0.270833 0.757812 0.016667 0.009375
1 0.308333 0.890234 0.025 0.010156
1 0.259028 0.873828 0.026389 0.008594
1 0.356944 0.878516 0.033333 0.010156
1 0.403472 0.869141 0.056944 0.014844
1 0.297917 0.895703 0.020833 0.008594
1 0.327083 0.882812 0.031944 0.0125
1 0.325694 0.874219 0.023611 0.010937
1 0.432639 0.859766 0.023611 0.010156
1 0.431944 0.842969 0.033333 0.010937
1 0.272917 0.853906 0.029167 0.007812
1 0.248611 0.837109 0.022222 0.008594
1 0.261111 0.830859 0.030556 0.011719
1 0.333333 0.801953 0.030556 0.005469
1 0.336806 0.814844 0.020833 0.0125
1 0.445139 0.791797 0.034722 0.017969
1 0.414583 0.791797 0.015278 0.013281
1 0.355556 0.785937 0.030556 0.00625
1 0.333333 0.784375 0.019444 0.014063
1 0.382639 0.776953 0.018056 0.013281
1 0.411111 0.775391 0.019444 0.010156
1 0.439583 0.772266 0.023611 0.010156
1 0.45625 0.764844 0.034722 0.014063
1 0.359028 0.759766 0.026389 0.011719
1 0.301389 0.744922 0.030556 0.014844
1 0.218056 0.747266 0.011111 0.014844
1 0.241667 0.776953 0.036111 0.016406
1 0.250694 0.802344 0.0125 0.014063
1 0.188194 0.819531 0.034722 0.01875
1 0.172222 0.796875 0.036111 0.015625
1 0.378472 0.806641 0.015278 0.011719
1 0.432639 0.826953 0.0375 0.014844
1 0.363889 0.841016 0.022222 0.013281
1 0.328472 0.847656 0.026389 0.010937
1 0.236806 0.863672 0.026389 0.007031
1 0.195139 0.850391 0.034722 0.011719
1 0.279167 0.881641 0.030556 0.007031
1 0.245833 0.884375 0.022222 0.0125
1 0.482639 0.907813 0.029167 0.0125
1 0.467361 0.895703 0.026389 0.013281
1 0.360417 0.930078 0.026389 0.013281
1 0.336806 0.910156 0.023611 0.009375
1 0.290278 0.915625 0.016667 0.004687
1 0.216667 0.930469 0.025 0.014063
1 0.254861 0.928516 0.026389 0.014844
1 0.356944 0.994922 0.041667 0.007031
1 0.389583 0.963672 0.031944 0.013281
1 0.4125 0.960938 0.041667 0.009375
1 0.531944 0.965234 0.041667 0.016406
1 0.504861 0.960156 0.043056 0.014063
1 0.498611 0.949219 0.027778 0.017188
1 0.524306 0.94375 0.0375 0.0125
1 0.629861 0.935937 0.0375 0.015625
1 0.546528 0.919141 0.015278 0.007031
1 0.502778 0.858594 0.038889 0.0125
1 0.5125 0.848047 0.038889 0.014844
1 0.525 0.83125 0.025 0.017188
1 0.588889 0.862109 0.030556 0.014844
1 0.549306 0.838281 0.031944 0.014063
1 0.540972 0.808203 0.026389 0.013281
1 0.529861 0.789844 0.026389 0.017188
1 0.576389 0.791406 0.038889 0.017188
1 0.317361 0.603906 0.026389 0.014063
1 0.471528 0.686719 0.029167 0.010937
1 0.461806 0.698047 0.034722 0.013281
1 0.513194 0.758203 0.034722 0.013281
1 0.499306 0.743359 0.026389 0.017969
1 0.530556 0.739453 0.044444 0.017969
1 0.442361 0.722266 0.029167 0.011719
1 0.418056 0.715625 0.027778 0.009375
1 0.379861 0.732812 0.040278 0.014063
1 0.302778 0.713281 0.025 0.007812
1 0.252083 0.700391 0.015278 0.013281
1 0.090278 0.694141 0.027778 0.010156
1 0.618056 0.707031 0.044444 0.015625
1 0.341667 0.700391 0.033333 0.014844
1 0.311806 0.675391 0.018056 0.011719
1 0.371528 0.646875 0.023611 0.00625
1 0.378472 0.641797 0.029167 0.013281
1 0.488889 0.664062 0.027778 0.015625
1 0.4375 0.646484 0.025 0.011719
1 0.536806 0.640625 0.0375 0.01875
1 0.491667 0.624219 0.025 0.0125
1 0.4125 0.6125 0.016667 0.014063
1 0.388889 0.619922 0.030556 0.014844
1 0.317361 0.632812 0.020833 0.015625
1 0.298611 0.628906 0.013889 0.014063
1 0.342361 0.594922 0.034722 0.014844
1 0.240278 0.603125 0.036111 0.017188
1 0.306944 0.59375 0.036111 0.017188
1 0.364583 0.583984 0.029167 0.014844
1 0.522222 0.574609 0.036111 0.019531
0 0.677778 0.534766 0.025 0.030469
1 0.524306 0.544922 0.026389 0.017969
1 0.394444 0.513281 0.025 0.015625
1 0.319444 0.492578 0.027778 0.013281
1 0.225 0.472266 0.016667 0.011719
1 0.420833 0.467187 0.022222 0.014063
1 0.327083 0.351562 0.026389 0.017188
1 0.184028 0.269141 0.009722 0.005469
1 0.254167 0.065625 0.019444 0.00625
