1 0.530469 0.869871 0.015625 0.016413
1 0.141016 0.047479 0.025781 0.052755
1 0.151562 0.077374 0.023438 0.049238
1 0.328125 0.073857 0.03125 0.072685
1 0.760547 0.049238 0.025781 0.058617
1 0.85 0.23095 0.01875 0.03517
1 0.760547 0.33177 0.021094 0.032825
1 0.719531 0.37163 0.021875 0.028136
1 0.569922 0.378077 0.019531 0.038687
1 0.45625 0.393318 0.026562 0.045721
1 0.392578 0.410903 0.025781 0.0551
1 0.386328 0.342321 0.025781 0.065651
1 0.350781 0.332356 0.026562 0.041032
1 0.395313 0.267292 0.028125 0.051583
1 0.529297 0.246776 0.030469 0.026964
1 0.255469 0.179367 0.026562 0.042204
1 0.213672 0.200469 0.025781 0.072685
1 0.174609 0.467761 0.017969 0.03517
1 0.182422 0.519343 0.021094 0.037515
1 0.257422 0.474209 0.022656 0.026964
1 0.373437 0.483001 0.025 0.042204
1 0.500781 0.484174 0.021875 0.03517
1 0.583984 0.504689 0.019531 0.033998
1 0.597656 0.51993 0.01875 0.026964
1 0.8375 0.532239 0.017188 0.039859
1 0.948828 0.499414 0.022656 0.049238
1 0.892969 0.64068 0.015625 0.026964
1 0.812891 0.609027 0.010156 0.01524
1 0.79375 0.6483 0.01875 0.03517
1 0.787109 0.679953 0.016406 0.028136
1 0.881641 0.706331 0.019531 0.024619
1 0.941016 0.757913 0.014844 0.024619
1 0.775 0.815358 0.017188 0.024619
1 0.737891 0.890973 0.016406 0.023447
1 0.507031 0.932005 0.017188 0.037515
1 0.664453 0.762603 0.019531 0.033998
1 0.580078 0.759672 0.017969 0.025791
1 0.557813 0.764947 0.015625 0.022274
1 0.451172 0.797186 0.019531 0.053927
1 0.303906 0.76612 0.017188 0.026964
1 0.358594 0.703986 0.017188 0.033998
1 0.426953 0.677022 0.021094 0.05041
1 0.527344 0.68347 0.01875 0.03517
1 0.646094 0.679367 0.01875 0.038687
1 0.622656 0.594373 0.017188 0.03517
1 0.532422 0.583822 0.024219 0.03517
1 0.355078 0.623095 0.019531 0.031653
1 0.439844 0.606096 0.017188 0.044549
1 0.455859 0.599648 0.019531 0.036342
