1 0.629167 0.350391 0.038889 0.022656
0 0.856944 0.455469 0.038889 0.0375
1 0.741667 0.365625 0.019444 0.01875
1 0.845139 0.343359 0.045833 0.025781
1 0.938194 0.351953 0.043056 0.024219
1 0.816667 0.327344 0.061111 0.021875
1 0.748611 0.323047 0.075 0.028906
1 0.463194 0.355078 0.018056 0.019531
1 0.571528 0.316406 0.068056 0.021875
1 0.613889 0.279297 0.036111 0.021094
1 0.834722 0.3 0.036111 0.023438
1 0.644444 0.223047 0.030556 0.017969
1 0.68125 0.194922 0.093056 0.027344
1 0.823611 0.212891 0.080556 0.030469
1 0.847917 0.221094 0.029167 0.021875
1 0.819444 0.243359 0.05 0.022656
1 0.946528 0.198437 0.051389 0.028125
1 0.713889 0.145703 0.022222 0.014844
1 0.764583 0.075 0.081944 0.03125
1 0.609028 0.049219 0.073611 0.025
1 0.69375 0.044531 0.040278 0.01875
1 0.673611 0.062109 0.027778 0.022656
1 0.627083 0.108594 0.043056 0.017188
1 0.671528 0.109375 0.040278 0.026562
1 0.809028 0.044531 0.040278 0.021875
1 0.838194 0.024219 0.084722 0.025
