1 0.439825 0.421875 0.056893 0.007812
1 0.197484 0.278906 0.062363 0.007812
1 0.216083 0.332813 0.064551 0.0125
1 0.092451 0.099219 0.073304 0.010937
1 0.165208 0.238281 0.063457 0.010937
1 0.29267 0.350391 0.060175 0.010156
1 0.367068 0.415234 0.053611 0.010156
1 0.392779 0.471094 0.054705 0.007812
1 0.402079 0.506641 0.051422 0.010156
1 0.495077 0.53125 0.055799 0.007812
1 0.533917 0.560547 0.054705 0.008594
1 0.585339 0.599219 0.050328 0.010937
1 0.609409 0.632812 0.052516 0.007812
1 0.630744 0.696094 0.053611 0.010937
1 0.679978 0.741016 0.053611 0.011719
1 0.705689 0.762891 0.04814 0.008594
1 0.76477 0.782422 0.052516 0.007031
1 0.865427 0.826172 0.050328 0.008594
1 0.729759 0.831641 0.043764 0.005469
1 0.805252 0.846484 0.045952 0.007031
1 0.760941 0.864844 0.047046 0.00625
