1 0.579861 0.360938 0.054167 0.03125
1 0.722222 0.578125 0.058333 0.01875
1 0.800694 0.590234 0.051389 0.038281
1 0.738194 0.605078 0.0625 0.022656
0 0.852778 0.460156 0.036111 0.0375
1 0.794444 0.493359 0.05 0.019531
1 0.929861 0.533594 0.126389 0.046875
1 0.957639 0.082031 0.084722 0.029687
1 0.905556 0.105859 0.061111 0.025781
1 0.811806 0.098437 0.068056 0.034375
1 0.783333 0.173047 0.052778 0.025781
1 0.667361 0.169531 0.109722 0.045312
1 0.617361 0.132422 0.115278 0.044531
1 0.489583 0.107813 0.090278 0.035937
1 0.486111 0.203906 0.086111 0.035937
1 0.9125 0.235937 0.052778 0.028125
1 0.869444 0.244141 0.052778 0.024219
1 0.777778 0.269141 0.091667 0.030469
1 0.684028 0.253125 0.0875 0.034375
1 0.600694 0.260937 0.051389 0.025
1 0.574306 0.282031 0.051389 0.029687
1 0.703472 0.311719 0.040278 0.021875
1 0.888194 0.310156 0.051389 0.025
1 0.633333 0.316016 0.052778 0.025781
1 0.947222 0.338672 0.044444 0.025781
1 0.902778 0.373047 0.044444 0.017969
1 0.813889 0.376953 0.038889 0.025781
1 0.836111 0.403125 0.052778 0.028125
1 0.932639 0.414062 0.0875 0.029687
1 0.938194 0.442188 0.056944 0.01875
1 0.986111 0.479687 0.027778 0.026562
1 0.644444 0.346484 0.05 0.030469
1 0.507639 0.380078 0.023611 0.013281
1 0.511806 0.420703 0.026389 0.022656
1 0.521528 0.462891 0.034722 0.024219
1 0.569444 0.461719 0.05 0.020313
1 0.690972 0.470703 0.0375 0.027344
1 0.663194 0.512891 0.076389 0.035156
1 0.711806 0.527344 0.034722 0.01875
1 0.573611 0.548047 0.108333 0.032031
1 0.680556 0.562109 0.063889 0.024219
1 0.605556 0.430469 0.047222 0.029687
1 0.919444 0.640625 0.05 0.026562
1 0.868056 0.658203 0.072222 0.027344
1 0.720139 0.671484 0.051389 0.024219
1 0.8875 0.789062 0.077778 0.026562
1 0.65625 0.699219 0.056944 0.034375
1 0.670833 0.605469 0.038889 0.020313
1 0.563889 0.642188 0.058333 0.020313
1 0.388889 0.607031 0.038889 0.020313
1 0.451389 0.5875 0.030556 0.015625
1 0.502778 0.557031 0.027778 0.021875
1 0.695139 0.409766 0.068056 0.038281
1 0.645833 0.385547 0.058333 0.032031
