1 0.188194 0.135156 0.151389 0.067187
1 0.277778 0.444141 0.069444 0.024219
1 0.359722 0.463281 0.075 0.0375
1 0.033333 0.576953 0.047222 0.021094
1 0.459028 0.630859 0.081944 0.033594
1 0.270139 0.680469 0.079167 0.032813
1 0.430556 0.694141 0.041667 0.021094
1 0.543056 0.804297 0.022222 0.017969
1 0.472917 0.774219 0.031944 0.025
1 0.325 0.752344 0.047222 0.025
1 0.147917 0.719141 0.031944 0.013281
1 0.770139 0.755859 0.151389 0.047656
1 0.669444 0.839453 0.066667 0.028906
1 0.459722 0.831641 0.027778 0.014844
1 0.347917 0.796484 0.031944 0.021094
1 0.272917 0.818359 0.029167 0.014844
1 0.31875 0.851172 0.023611 0.016406
1 0.929861 0.817578 0.043056 0.017969
1 0.848611 0.851953 0.019444 0.014844
1 0.969444 0.825 0.030556 0.017188
1 0.974306 0.865234 0.023611 0.013281
1 0.926389 0.957812 0.025 0.014063
1 0.831944 0.908594 0.025 0.01875
1 0.734722 0.925781 0.047222 0.023438
1 0.722222 0.935937 0.013889 0.009375
1 0.65 0.961719 0.008333 0.004687
1 0.623611 0.892969 0.011111 0.010937
1 0.504167 0.910156 0.016667 0.00625
1 0.471528 0.946094 0.0125 0.009375
1 0.511806 0.989844 0.015278 0.009375
1 0.525 0.996094 0.013889 0.007812
1 0.39375 0.920312 0.0125 0.009375
1 0.200694 0.901172 0.015278 0.008594
1 0.09375 0.857422 0.0125 0.007031
1 0.011111 0.698828 0.022222 0.025781
1 0.015972 0.538281 0.031944 0.029687
1 0.161111 0.24375 0.066667 0.032813
1 0.202083 0.440625 0.115278 0.053125
