1 0.591016 0.547479 0.016406 0.037515
1 0.638281 0.665885 0.01875 0.039859
1 0.6375 0.743845 0.015625 0.026964
1 0.657422 0.536928 0.017969 0.037515
1 0.698047 0.6483 0.016406 0.037515
1 0.708984 0.671161 0.016406 0.038687
1 0.650781 0.372216 0.017188 0.026964
1 0.659766 0.355217 0.016406 0.030481
1 0.667578 0.419695 0.017969 0.032825
1 0.682813 0.471864 0.015625 0.041032
1 0.718359 0.518757 0.017969 0.024619
1 0.732812 0.545135 0.014063 0.023447
1 0.745703 0.546893 0.014844 0.026964
1 0.749219 0.504103 0.020313 0.042204
1 0.816797 0.53517 0.021094 0.048066
1 0.209375 0.602579 0.017188 0.032825
1 0.342969 0.653576 0.01875 0.036342
1 0.349609 0.58558 0.016406 0.038687
1 0.338672 0.538101 0.016406 0.037515
1 0.385547 0.458968 0.016406 0.029308
1 0.394141 0.489449 0.017969 0.026964
1 0.461328 0.658265 0.016406 0.036342
1 0.503516 0.633646 0.016406 0.038687
1 0.518359 0.603751 0.016406 0.032825
1 0.574609 0.667644 0.016406 0.033998
1 0.558984 0.568581 0.016406 0.03517
1 0.545703 0.386284 0.016406 0.031653
1 0.558984 0.469519 0.016406 0.05041
1 0.570312 0.451934 0.0125 0.033998
1 0.582812 0.491794 0.017188 0.033998
