1 0.2625 0.775 0.044444 0.028125
1 0.350694 0.766016 0.045833 0.028906
1 0.061806 0.699609 0.043056 0.022656
1 0.204861 0.722656 0.0625 0.029687
1 0.635417 0.705859 0.029167 0.024219
1 0.390278 0.676953 0.069444 0.030469
1 0.186111 0.628516 0.083333 0.028906
1 0.830556 0.628516 0.194444 0.080469
1 0.413194 0.584766 0.095833 0.038281
1 0.066667 0.163672 0.133333 0.066406
1 0.177778 0.314063 0.158333 0.045312
1 0.574306 0.996484 0.009722 0.003906
1 0.904861 0.944531 0.018056 0.00625
1 0.794444 0.960156 0.027778 0.014063
1 0.706944 0.91875 0.055556 0.01875
1 0.695833 0.896484 0.016667 0.017969
1 0.771528 0.873437 0.015278 0.010937
1 0.89375 0.863672 0.023611 0.016406
1 0.884722 0.807813 0.052778 0.021875
1 0.861111 0.812891 0.036111 0.014844
1 0.678472 0.847656 0.073611 0.032813
1 0.520139 0.893359 0.018056 0.017969
1 0.420139 0.976953 0.018056 0.008594
1 0.392361 0.912109 0.020833 0.016406
1 0.320833 0.95 0.016667 0.0125
1 0.138889 0.941406 0.025 0.007812
1 0.070139 0.903516 0.020833 0.011719
1 0.195139 0.849219 0.026389 0.015625
1 0.16875 0.815234 0.034722 0.017969
1 0.347222 0.825781 0.027778 0.020313
1 0.438194 0.793359 0.026389 0.016406
