1 0.122266 0.582639 0.016406 0.026389
1 0.717969 0.382639 0.020313 0.018056
1 0.6 0.417361 0.017188 0.023611
1 0.552344 0.454167 0.028125 0.027778
1 0.551953 0.504861 0.021094 0.023611
1 0.417969 0.470833 0.05 0.027778
1 0.452734 0.492361 0.035156 0.029167
1 0.494922 0.540278 0.024219 0.025
1 0.529687 0.576389 0.015625 0.027778
1 0.434375 0.539583 0.029687 0.026389
1 0.392969 0.561111 0.025 0.030556
1 0.33125 0.622222 0.015625 0.022222
1 0.224609 0.608333 0.036719 0.019444
1 0.021875 0.585417 0.042188 0.018056
