1 0.553472 0.014844 0.054167 0.020313
0 0.636111 0.519531 0.033333 0.029687
1 0.529861 0.912109 0.054167 0.035156
1 0.685417 0.761719 0.048611 0.028125
1 0.658333 0.546875 0.044444 0.03125
1 0.5375 0.569531 0.036111 0.025
1 0.323611 0.596094 0.019444 0.028125
1 0.372917 0.465234 0.045833 0.025781
1 0.529167 0.441016 0.052778 0.016406
1 0.321528 0.431641 0.020833 0.025781
1 0.447917 0.397266 0.045833 0.014844
1 0.718056 0.373437 0.05 0.01875
1 0.817361 0.324219 0.068056 0.032813
1 0.894444 0.26875 0.044444 0.042188
1 0.538194 0.348438 0.065278 0.039062
1 0.393056 0.335156 0.041667 0.03125
1 0.197917 0.316016 0.040278 0.028906
1 0.148611 0.33125 0.05 0.03125
1 0.090278 0.176172 0.044444 0.035156
1 0.591667 0.286719 0.047222 0.034375
1 0.346528 0.298047 0.051389 0.027344
1 0.326389 0.283594 0.091667 0.025
1 0.614583 0.255469 0.040278 0.035937
1 0.690972 0.237891 0.023611 0.042969
1 0.682639 0.191797 0.065278 0.019531
1 0.896528 0.168359 0.059722 0.032031
1 0.845139 0.172656 0.048611 0.029687
1 0.855556 0.201953 0.038889 0.033594
1 0.647917 0.158594 0.043056 0.053125
1 0.59375 0.196094 0.065278 0.017188
1 0.597917 0.175 0.018056 0.01875
1 0.484028 0.246094 0.048611 0.032813
1 0.296528 0.246875 0.054167 0.021875
1 0.448611 0.199609 0.030556 0.030469
1 0.46875 0.221094 0.059722 0.023438
1 0.229861 0.191016 0.034722 0.035156
1 0.01875 0.207422 0.029167 0.035156
1 0.232639 0.141406 0.054167 0.0375
1 0.240972 0.076563 0.045833 0.076563
1 0.298611 0.039062 0.036111 0.023438
1 0.195833 0.023828 0.052778 0.028906
1 0.422222 0.060547 0.052778 0.017969
1 0.402083 0.0875 0.048611 0.023438
1 0.464583 0.114453 0.051389 0.025781
1 0.486806 0.171875 0.045833 0.015625
1 0.732639 0.101562 0.048611 0.015625
1 0.872917 0.014063 0.056944 0.028125
1 0.686111 0.061719 0.044444 0.023438
1 0.6375 0.082812 0.077778 0.015625
1 0.614583 0.05 0.043056 0.025
1 0.566667 0.096094 0.047222 0.017188
1 0.560417 0.113672 0.073611 0.014844
1 0.55625 0.135547 0.043056 0.028906
1 0.594444 0.110937 0.047222 0.01875
