1 0.523828 0.361806 0.010156 0.006944
1 0.630859 0.403472 0.014844 0.0125
1 0.705078 0.381944 0.013281 0.013889
1 0.748047 0.383333 0.014844 0.011111
1 0.766797 0.391667 0.014844 0.011111
1 0.780469 0.400694 0.014063 0.009722
1 0.644531 0.4125 0.015625 0.016667
1 0.610938 0.413889 0.017188 0.008333
1 0.800781 0.399306 0.0125 0.015278
1 0.936328 0.452083 0.011719 0.0125
1 0.905078 0.48125 0.013281 0.0125
1 0.876172 0.475694 0.014844 0.0125
1 0.881641 0.429167 0.013281 0.008333
1 0.885938 0.397222 0.009375 0.011111
1 0.8625 0.421528 0.0125 0.009722
1 0.844922 0.405556 0.010156 0.008333
1 0.811328 0.455556 0.011719 0.011111
1 0.819922 0.397917 0.016406 0.0125
1 0.961328 0.488889 0.011719 0.011111
1 0.979688 0.447222 0.010937 0.011111
1 0.914062 0.4375 0.009375 0.011111
1 0.898438 0.438194 0.014063 0.0125
1 0.899609 0.592361 0.010156 0.009722
1 0.726953 0.802778 0.005469 0.008333
1 0.620703 0.398611 0.011719 0.013889
1 0.604297 0.383333 0.010156 0.011111
1 0.580859 0.385417 0.010156 0.006944
1 0.551562 0.411111 0.014063 0.011111
1 0.562891 0.366667 0.013281 0.008333
1 0.551562 0.373611 0.0125 0.005556
1 0.542578 0.364583 0.011719 0.009722
1 0.533984 0.370833 0.011719 0.005556
