1 0.535547 0.439039 0.053906 0.08558
1 0.715625 0.43728 0.048438 0.150059
1 0.767969 0.381594 0.048438 0.130129
1 0.810937 0.254396 0.089063 0.124267
1 0.826172 0.473036 0.072656 0.116061
1 0.943359 0.686401 0.061719 0.064478
1 0.924609 0.926729 0.035156 0.066823
1 0.859375 0.83939 0.114062 0.075029
1 0.740625 0.819461 0.03125 0.044549
1 0.674609 0.791911 0.013281 0.008206
1 0.188281 0.578546 0.046875 0.12544
1 0.366406 0.637163 0.046875 0.066823
1 0.228516 0.743845 0.075781 0.134818
1 0.501563 0.861665 0.076563 0.089097
1 0.551953 0.924971 0.046094 0.021102
1 0.457031 0.360492 0.1 0.221571
