1 0.670139 0.911328 0.076389 0.024219
1 0.721528 0.889453 0.023611 0.011719
1 0.93125 0.925391 0.026389 0.013281
1 0.829167 0.950781 0.022222 0.009375
1 0.697917 0.965234 0.015278 0.008594
1 0.569444 0.978906 0.013889 0.007812
1 0.309722 0.923438 0.022222 0.0125
1 0.279167 0.969531 0.016667 0.007812
1 0.106944 0.965625 0.013889 0.00625
1 0.061111 0.934375 0.025 0.009375
1 0.055556 0.119531 0.111111 0.057813
1 0.120833 0.195312 0.119444 0.042188
1 0.872222 0.441797 0.255556 0.139844
1 0.361111 0.537891 0.152778 0.042969
1 0.097222 0.574609 0.063889 0.044531
1 0.376389 0.653906 0.066667 0.034375
1 0.54375 0.689453 0.043056 0.022656
1 0.145833 0.683203 0.077778 0.030469
1 0.244444 0.766406 0.044444 0.023438
1 0.369444 0.783594 0.033333 0.025
1 0.174306 0.778906 0.068056 0.025
1 0.078472 0.819141 0.034722 0.021094
1 0.852083 0.795703 0.045833 0.021094
1 0.796528 0.796484 0.034722 0.014844
1 0.726389 0.837109 0.105556 0.036719
1 0.827083 0.866797 0.026389 0.011719
1 0.130556 0.846094 0.041667 0.023438
1 0.264583 0.828125 0.034722 0.01875
1 0.444444 0.900781 0.027778 0.015625
1 0.595833 0.897656 0.027778 0.017188
