1 0.726389 0.721484 0.038889 0.016406
1 0.759028 0.775 0.0375 0.021875
1 0.634028 0.821875 0.029167 0.021875
1 0.665972 0.805078 0.081944 0.019531
1 0.675 0.756641 0.047222 0.013281
1 0.609722 0.748047 0.058333 0.017969
1 0.510417 0.717187 0.029167 0.010937
1 0.409028 0.711328 0.0375 0.019531
1 0.43125 0.880859 0.026389 0.013281
1 0.389583 0.907422 0.034722 0.014844
1 0.356944 0.934375 0.041667 0.015625
1 0.288889 0.940234 0.052778 0.016406
1 0.326389 0.955859 0.030556 0.010156
1 0.295833 0.958984 0.030556 0.017969
1 0.1875 0.195312 0.008333 0.004687
1 0.223611 0.041016 0.019444 0.011719
1 0.536111 0.721484 0.025 0.017969
1 0.564583 0.725781 0.029167 0.01875
1 0.531944 0.760938 0.038889 0.014063
1 0.503472 0.761719 0.048611 0.021875
1 0.388194 0.961719 0.031944 0.010937
1 0.445833 0.96875 0.038889 0.01875
1 0.454861 0.944531 0.048611 0.023438
1 0.520833 0.953516 0.016667 0.017969
1 0.465278 0.908984 0.027778 0.017969
1 0.509028 0.900391 0.056944 0.022656
1 0.526389 0.904297 0.044444 0.016406
1 0.502778 0.875391 0.027778 0.010156
1 0.548611 0.868359 0.063889 0.027344
1 0.581944 0.897656 0.027778 0.017188
1 0.659722 0.922656 0.055556 0.020313
1 0.628472 0.921094 0.045833 0.015625
1 0.599306 0.939063 0.0375 0.021875
1 0.644444 0.987109 0.030556 0.019531
1 0.657639 0.979688 0.029167 0.01875
1 0.74375 0.946094 0.043056 0.01875
1 0.727083 0.883984 0.045833 0.017969
1 0.476389 0.830078 0.025 0.007031
1 0.310417 0.869531 0.045833 0.010937
1 0.363889 0.708594 0.033333 0.010937
1 0.170139 0.734766 0.051389 0.017969
1 0.311806 0.734375 0.026389 0.0125
1 0.351389 0.753516 0.033333 0.014844
1 0.432639 0.760156 0.031944 0.0125
1 0.428472 0.748437 0.018056 0.017188
1 0.3125 0.879687 0.052778 0.010937
1 0.3375 0.889453 0.05 0.016406
1 0.370833 0.888672 0.027778 0.011719
1 0.288889 0.917969 0.016667 0.0125
1 0.311806 0.757031 0.043056 0.007812
1 0.3 0.764844 0.033333 0.015625
1 0.2625 0.791406 0.030556 0.017188
1 0.322917 0.798047 0.020833 0.011719
1 0.295139 0.809375 0.029167 0.014063
1 0.217361 0.817187 0.0375 0.023438
1 0.235417 0.884375 0.026389 0.020313
1 0.245139 0.844141 0.0375 0.016406
1 0.283333 0.836328 0.027778 0.019531
1 0.338194 0.837891 0.023611 0.010156
1 0.40625 0.837891 0.031944 0.013281
1 0.401389 0.816406 0.036111 0.015625
1 0.389583 0.799219 0.0375 0.015625
1 0.465972 0.809375 0.043056 0.014063
1 0.511111 0.810937 0.044444 0.015625
1 0.258333 0.991016 0.047222 0.017969
1 0.520833 0.827734 0.033333 0.011719
1 0.483333 0.853906 0.027778 0.0125
1 0.434028 0.864453 0.029167 0.013281
0 0.726389 0.513672 0.033333 0.036719
1 0.4375 0.446094 0.047222 0.0125
1 0.504861 0.495703 0.0375 0.013281
1 0.272917 0.525 0.040278 0.021875
1 0.520833 0.564453 0.036111 0.016406
1 0.408333 0.577344 0.036111 0.015625
1 0.604861 0.665234 0.043056 0.016406
1 0.422917 0.611719 0.031944 0.015625
1 0.463194 0.632031 0.029167 0.01875
1 0.492361 0.652734 0.034722 0.022656
1 0.439583 0.653125 0.020833 0.014063
1 0.492361 0.672266 0.031944 0.017969
1 0.397222 0.662109 0.036111 0.010156
1 0.285417 0.655078 0.031944 0.017969
1 0.371528 0.640234 0.031944 0.017969
1 0.395833 0.635547 0.030556 0.014844
1 0.38125 0.687891 0.0375 0.013281
1 0.40625 0.689844 0.015278 0.010937
1 0.683333 0.646484 0.044444 0.025781
