1 0.764648 0.916797 0.326172 0.166406
1 0.093262 0.200391 0.155273 0.180469
1 0.785645 0.061719 0.145508 0.120313
1 0.861328 0.364453 0.164062 0.160156
1 0.148438 0.410156 0.277344 0.242188
1 0.040527 0.384375 0.081055 0.151562
1 0.615234 0.298828 0.443359 0.402344
1 0.515137 0.383984 0.299805 0.283594
1 0.852539 0.60625 0.255859 0.210938
1 0.959473 0.619531 0.081055 0.13125
1 0.046875 0.717969 0.09375 0.132812
1 0.221191 0.603906 0.198242 0.164062
1 0.218262 0.779297 0.116211 0.110156
1 0.26709 0.669141 0.12207 0.082031
1 0.426758 0.808594 0.267578 0.25
1 0.540527 0.753125 0.143555 0.13125
1 0.839844 0.760156 0.128906 0.157812
1 0.092285 0.186719 0.18457 0.165625
