1 0.022917 0.557031 0.045833 0.029687
1 0.459722 0.614062 0.063889 0.029687
1 0.436111 0.680078 0.061111 0.028906
1 0.239583 0.673438 0.073611 0.025
1 0.136806 0.709766 0.034722 0.022656
1 0.723611 0.725781 0.027778 0.020313
1 0.809028 0.711328 0.115278 0.060156
1 0.265972 0.752734 0.056944 0.024219
1 0.338194 0.780469 0.043056 0.021875
1 0.436111 0.775391 0.030556 0.017969
1 0.510417 0.805469 0.020833 0.010937
1 0.926389 0.803516 0.047222 0.022656
1 0.938889 0.816016 0.036111 0.022656
1 0.949306 0.865234 0.020833 0.014844
1 0.432639 0.822656 0.029167 0.020313
1 0.667361 0.840234 0.079167 0.030469
1 0.824306 0.863281 0.015278 0.007812
1 0.25 0.811719 0.030556 0.017188
1 0.086111 0.871094 0.025 0.0125
1 0.273611 0.854688 0.027778 0.01875
1 0.176389 0.919531 0.019444 0.014063
1 0.597222 0.889453 0.016667 0.013281
1 0.788889 0.907031 0.019444 0.0125
1 0.734722 0.921484 0.047222 0.017969
1 0.693056 0.947656 0.011111 0.009375
1 0.885417 0.960547 0.023611 0.007031
1 0.979861 0.935156 0.020833 0.007812
1 0.461806 0.950781 0.015278 0.0125
1 0.472222 0.907813 0.019444 0.0125
1 0.370139 0.933203 0.018056 0.016406
1 0.265278 0.430469 0.086111 0.042188
1 0.280556 0.398828 0.094444 0.028906
1 0.127083 0.019141 0.195833 0.038281
1 0.095139 0.192969 0.054167 0.03125
1 0.114583 0.387891 0.134722 0.047656
