1 0.811806 0.382812 0.0875 0.048438
0 0.59375 0.492969 0.031944 0.026562
1 0.701389 0.496484 0.036111 0.027344
1 0.773611 0.550781 0.133333 0.034375
1 0.85625 0.567578 0.115278 0.038281
1 0.222222 0.564844 0.111111 0.05
1 0.322222 0.456641 0.063889 0.032031
1 0.525 0.437109 0.188889 0.064844
1 0.467361 0.414844 0.018056 0.020313
1 0.5625 0.451953 0.047222 0.038281
1 0.663194 0.424609 0.109722 0.027344
1 0.88125 0.396094 0.165278 0.051562
1 0.825694 0.345703 0.023611 0.042969
1 0.7125 0.373047 0.063889 0.016406
1 0.704167 0.393359 0.036111 0.033594
1 0.461111 0.363281 0.038889 0.020313
1 0.445139 0.335156 0.029167 0.026562
1 0.517361 0.347656 0.056944 0.023438
1 0.577778 0.362891 0.047222 0.019531
1 0.247917 0.303125 0.018056 0.034375
1 0.222222 0.064844 0.022222 0.042188
1 0.561806 0.076172 0.079167 0.058594
1 0.770833 0.070703 0.055556 0.039844
1 0.675 0.121094 0.019444 0.042188
1 0.801389 0.106641 0.077778 0.036719
1 0.603472 0.15 0.048611 0.021875
1 0.863194 0.191016 0.095833 0.046094
1 0.704861 0.207031 0.040278 0.021875
1 0.275 0.129297 0.036111 0.035156
1 0.2375 0.187891 0.038889 0.039844
1 0.346528 0.135547 0.054167 0.021094
1 0.365972 0.153906 0.043056 0.046875
1 0.438194 0.164453 0.029167 0.052344
1 0.484722 0.173828 0.047222 0.049219
1 0.398611 0.203125 0.027778 0.040625
1 0.302083 0.225391 0.065278 0.024219
1 0.341667 0.245312 0.05 0.045312
1 0.396528 0.259766 0.079167 0.047656
1 0.382639 0.283594 0.043056 0.01875
1 0.547917 0.228516 0.040278 0.025781
1 0.625 0.274609 0.036111 0.022656
1 0.654167 0.246875 0.041667 0.025
1 0.677778 0.246875 0.025 0.021875
1 0.75625 0.275781 0.076389 0.040625
1 0.672917 0.314063 0.101389 0.04375
1 0.656944 0.355469 0.119444 0.075
1 0.69375 0.34375 0.034722 0.026562
1 0.060417 0.639062 0.045833 0.046875
1 0.402083 0.559766 0.059722 0.049219
1 0.4375 0.557422 0.077778 0.025781
1 0.386806 0.625781 0.048611 0.03125
1 0.340278 0.65625 0.047222 0.034375
1 0.65625 0.648438 0.095833 0.028125
1 0.497917 0.635938 0.090278 0.05
1 0.486806 0.681641 0.059722 0.025781
1 0.899306 0.673047 0.0875 0.036719
1 0.579167 0.739844 0.111111 0.035937
1 0.920139 0.739062 0.148611 0.04375
1 0.78125 0.778516 0.070833 0.039844
1 0.510417 0.842969 0.045833 0.035937
1 0.464583 0.916797 0.040278 0.035156
1 0.645833 0.964453 0.063889 0.039844
