0 0.775177 0.1625 0.071555 0.219444
0 0.07553 0.161111 0.064488 0.183333
0 0.042403 0.504167 0.084806 0.175
0 0.147968 0.513889 0.05212 0.111111
0 0.109541 0.748611 0.097173 0.197222
0 0.07023 0.944444 0.05212 0.083333
0 0.15636 0.944444 0.047703 0.088889
0 0.204505 0.759722 0.05742 0.119444
0 0.243375 0.9375 0.059187 0.108333
0 0.327739 0.944444 0.042403 0.088889
0 0.301237 0.7625 0.042403 0.091667
0 0.267668 0.506944 0.068905 0.169444
0 0.219081 0.15 0.088339 0.266667
0 0.35689 0.154167 0.074205 0.230556
0 0.382067 0.506944 0.078622 0.197222
0 0.398852 0.75 0.071555 0.166667
0 0.412544 0.943056 0.040636 0.086111
0 0.498233 0.938889 0.047703 0.105556
0 0.49735 0.756944 0.060071 0.136111
0 0.496025 0.506944 0.055654 0.147222
0 0.495141 0.159722 0.073322 0.225
0 0.611749 0.505556 0.071555 0.188889
0 0.595406 0.741667 0.079505 0.172222
0 0.584364 0.943056 0.041519 0.080556
0 0.667845 0.927778 0.067138 0.144444
0 0.84364 0.508333 0.072438 0.177778
0 0.726148 0.506944 0.077739 0.213889
0 0.693463 0.758333 0.053004 0.116667
0 0.754859 0.940278 0.037986 0.080556
0 0.791078 0.755556 0.045053 0.111111
0 0.839223 0.9375 0.061837 0.119444
0 0.921378 0.933333 0.075972 0.127778
0 0.886484 0.752778 0.078622 0.15
0 0.958922 0.5125 0.05212 0.130556
0 0.916519 0.159722 0.076855 0.213889
0 0.635601 0.155556 0.073322 0.227778
