0 0.286979 0.423251 0.069792 0.065463
0 0.433333 0.400677 0.072917 0.079007
0 0.293229 0.592551 0.067708 0.056433
0 0.248958 0.691874 0.052083 0.051919
0 0.296875 0.708804 0.0625 0.054176
0 0.469271 0.690745 0.073958 0.054176
0 0.535937 0.61851 0.046875 0.049661
0 0.608333 0.557562 0.05625 0.063205
0 0.648958 0.493228 0.0625 0.069977
0 0.704688 0.679458 0.065625 0.054176
0 0.776042 0.656885 0.0625 0.054176
0 0.823438 0.56772 0.071875 0.056433
0 0.91875 0.534989 0.070833 0.06772
0 0.975521 0.630926 0.046875 0.042889
0 0.74375 0.402935 0.08125 0.079007
0 0.040625 0.702032 0.072917 0.054176
0 0.386458 0.470655 0.066667 0.069977
0 0.04375 0.461625 0.085417 0.074492
0 0.058854 0.553047 0.078125 0.072235
