0 0.475 0.173203 0.08125 0.071895
0 0.182031 0.303922 0.067187 0.067538
0 0.707812 0.186275 0.040625 0.037037
0 0.920312 0.382353 0.0375 0.037037
0 0.9 0.124183 0.0375 0.039216
0 0.665625 0.062092 0.0375 0.037037
0 0.433594 0.065359 0.039062 0.039216
0 0.33125 0.345316 0.0375 0.045752
0 0.582812 0.277778 0.040625 0.045752
0 0.607812 0.130719 0.065625 0.074074
0 0.578125 0.441176 0.40625 0.389978
0 0.924219 0.492375 0.151562 0.191721
0 0.927344 0.253813 0.123438 0.132898
0 0.795312 0.099129 0.128125 0.12854
0 0.224219 0.124183 0.126562 0.130719
