0 0.455469 0.565359 0.032813 0.041394
0 0.3 0.422658 0.55 0.71024
0 0.761719 0.310458 0.070312 0.076253
0 0.915625 0.296296 0.05625 0.056645
0 0.7875 0.454248 0.10625 0.093682
0 0.735156 0.504357 0.054688 0.058824
0 0.655469 0.594771 0.067187 0.04793
0 0.903125 0.595861 0.109375 0.084967
0 0.5375 0.766885 0.059375 0.052288
0 0.288281 0.17756 0.110937 0.137255
0 0.675781 0.055556 0.060937 0.071895
0 0.888281 0.118736 0.054688 0.063181
0 0.767969 0.111111 0.026562 0.030501
0 0.617188 0.185185 0.028125 0.043573
0 0.590625 0.420479 0.059375 0.061002
0 0.611719 0.519608 0.032813 0.037037
0 0.692187 0.554466 0.028125 0.037037
0 0.207031 0.686275 0.060937 0.061002
0 0.099219 0.429194 0.067187 0.056645
0 0.457031 0.171024 0.051562 0.058824
0 0.20625 0.050109 0.04375 0.056645
0 0.285938 0.078431 0.034375 0.043573
