0 0.134375 0.293996 0.1 0.095238
0 0.348438 0.450311 0.0375 0.035197
0 0.214844 0.398551 0.035937 0.035197
0 0.285156 0.164596 0.039062 0.031056
0 0.489844 0.23499 0.039062 0.035197
0 0.839844 0.230849 0.042188 0.043478
0 0.658594 0.421325 0.039062 0.035197
0 0.433594 0.121118 0.123438 0.118012
0 0.611719 0.200828 0.145313 0.132505
0 0.207813 0.144928 0.11875 0.10766
0 0.2375 0.528986 0.103125 0.093168
0 0.413281 0.598344 0.098437 0.091097
0 0.672656 0.556936 0.151562 0.149068
0 0.847656 0.485507 0.154688 0.142857
0 0.783594 0.337474 0.129688 0.124224
0 0.532031 0.402692 0.201563 0.184265
0 0.350781 0.297101 0.145313 0.138716
0 0.765625 0.141822 0.09375 0.089027
