0 0.832031 0.334507 0.023438 0.025822
0 0.764062 0.339202 0.06875 0.077465
0 0.64375 0.389671 0.025 0.023474
0 0.591406 0.450704 0.060937 0.065728
0 0.635156 0.495305 0.026562 0.032864
0 0.611719 0.556338 0.035937 0.037559
0 0.7875 0.489437 0.10625 0.105634
0 0.733594 0.543427 0.057813 0.06338
0 0.692187 0.593897 0.03125 0.032864
0 0.652344 0.638498 0.064062 0.056338
0 0.729688 0.755869 0.015625 0.018779
0 0.733594 0.644366 0.023438 0.030516
0 0.60625 0.715962 0.01875 0.023474
0 0.580469 0.67723 0.017188 0.021127
0 0.455469 0.605634 0.039062 0.042254
0 0.453906 0.683099 0.010937 0.014085
0 0.440625 0.754695 0.0125 0.016432
0 0.454688 0.808685 0.0125 0.016432
0 0.430469 0.866197 0.014063 0.014085
0 0.495312 0.75939 0.021875 0.025822
0 0.538281 0.825117 0.060937 0.053991
0 0.3 0.453052 0.546875 0.760563
0 0.492188 0.796948 0.015625 0.016432
0 0.13125 0.144366 0.028125 0.039906
0 0.182031 0.557512 0.032813 0.044601
0 0.103906 0.462441 0.073438 0.070423
0 0.209375 0.74061 0.0625 0.06338
0 0.285938 0.080986 0.034375 0.039906
0 0.3 0.015258 0.03125 0.030516
0 0.204687 0.052817 0.040625 0.058685
0 0.178125 0.138498 0.034375 0.037559
0 0.909375 0.63615 0.090625 0.103286
0 0.289844 0.194836 0.107813 0.140845
0 0.446094 0.056338 0.029687 0.032864
0 0.575 0.34507 0.11875 0.117371
0 0.365625 0.235915 0.0375 0.030516
0 0.458594 0.183099 0.051562 0.061033
0 0.530469 0.07277 0.029687 0.032864
0 0.620313 0.200704 0.034375 0.049296
0 0.671094 0.144366 0.023438 0.021127
0 0.680469 0.062207 0.057813 0.077465
0 0.890625 0.129108 0.059375 0.065728
0 0.767969 0.117371 0.029687 0.028169
0 0.709375 0.193662 0.021875 0.021127
0 0.810937 0.21831 0.01875 0.023474
0 0.741406 0.262911 0.026562 0.028169
0 0.917188 0.315728 0.05625 0.06338
