0 0.235417 0.737762 0.016667 0.020979
0 0.303646 0.695804 0.015625 0.020979
0 0.374479 0.658508 0.017708 0.025641
0 0.452604 0.602564 0.017708 0.025641
0 0.541146 0.561772 0.017708 0.027972
0 0.645833 0.501166 0.01875 0.032634
0 0.75 0.431235 0.01875 0.032634
0 0.293229 0.793706 0.013542 0.020979
0 0.358333 0.754079 0.014583 0.020979
0 0.423958 0.717949 0.014583 0.018648
0 0.495312 0.681818 0.015625 0.020979
0 0.579688 0.63986 0.015625 0.025641
0 0.669271 0.60373 0.015625 0.02331
0 0.765625 0.553613 0.014583 0.025641
0 0.336979 0.844988 0.013542 0.016317
0 0.401042 0.81352 0.0125 0.018648
0 0.465104 0.787879 0.013542 0.018648
0 0.533854 0.714452 0.013542 0.020979
0 0.608333 0.716783 0.014583 0.020979
0 0.690625 0.666667 0.014583 0.02331
0 0.786458 0.635198 0.014583 0.020979
0 0.380208 0.886946 0.0125 0.016317
0 0.439063 0.856643 0.011458 0.016317
0 0.497917 0.829837 0.0125 0.018648
0 0.566146 0.799534 0.011458 0.018648
0 0.638542 0.776224 0.014583 0.018648
0 0.711979 0.745921 0.013542 0.018648
0 0.802083 0.702797 0.014583 0.020979
0 0.416146 0.917249 0.011458 0.016317
0 0.472396 0.895105 0.011458 0.013986
0 0.448437 0.944056 0.009375 0.013986
0 0.501042 0.928904 0.010417 0.016317
0 0.532813 0.876457 0.011458 0.018648
0 0.557813 0.910256 0.011458 0.016317
0 0.586979 0.847319 0.011458 0.016317
0 0.614583 0.891608 0.010417 0.016317
0 0.657813 0.822844 0.013542 0.018648
0 0.727604 0.784382 0.011458 0.016317
0 0.745833 0.840326 0.010417 0.016317
0 0.817708 0.820513 0.0125 0.018648
0 0.807292 0.75641 0.0125 0.020979
0 0.676562 0.865967 0.011458 0.016317
0 0.161979 0.665501 0.017708 0.020979
0 0.233854 0.622378 0.017708 0.02331
0 0.310417 0.571096 0.01875 0.027972
0 0.398958 0.508159 0.01875 0.027972
0 0.497396 0.458042 0.019792 0.030303
0 0.604688 0.399767 0.019792 0.034965
0 0.749479 0.314685 0.019792 0.037296
