0 0.498437 0.379679 0.090625 0.090909
0 0.109375 0.588235 0.08125 0.085561
0 0.254688 0.600267 0.140625 0.136364
0 0.357812 0.454545 0.096875 0.101604
0 0.264062 0.120321 0.203125 0.203209
0 0.421094 0.09492 0.079687 0.088235
0 0.433594 0.251337 0.164062 0.160428
0 0.630469 0.520053 0.079687 0.07754
0 0.609375 0.414439 0.08125 0.080214
0 0.639062 0.268717 0.071875 0.072193
0 0.546094 0.066845 0.135937 0.13369
0 0.69375 0.048128 0.08125 0.090909
0 0.764062 0.279412 0.103125 0.093583
0 0.883594 0.152406 0.195312 0.229947
0 0.965625 0.312834 0.06875 0.080214
0 0.9 0.346257 0.0625 0.05615
0 0.933594 0.481283 0.129688 0.13369
0 0.9125 0.574866 0.06875 0.069519
0 0.046094 0.505348 0.092188 0.13369
0 0.064844 0.332888 0.095312 0.093583
0 0.042188 0.093583 0.084375 0.085561
0 0.128125 0.125668 0.059375 0.074866
0 0.210938 0.30615 0.08125 0.07754
