0 0.098893 0.498611 0.186722 0.225
0 0.099585 0.165278 0.185339 0.236111
0 0.298755 0.163889 0.185339 0.227778
0 0.499308 0.166667 0.185339 0.227778
0 0.699862 0.163889 0.185339 0.255556
0 0.899723 0.165278 0.186722 0.152778
0 0.899723 0.497222 0.186722 0.138889
0 0.899032 0.829167 0.188105 0.163889
0 0.69917 0.831944 0.186722 0.180556
0 0.69917 0.498611 0.189488 0.197222
0 0.498617 0.497222 0.186722 0.155556
0 0.498617 0.829167 0.186722 0.080556
0 0.298755 0.831944 0.185339 0.163889
0 0.300138 0.501389 0.188105 0.252778
0 0.098893 0.831944 0.186722 0.163889
