0 0.782813 0.495146 0.1125 0.148867
0 0.289062 0.097087 0.10625 0.194175
0 0.365625 0.15534 0.034375 0.045307
0 0.457813 0.082524 0.05 0.080906
0 0.545312 0.148867 0.034375 0.058252
0 0.614844 0.106796 0.032813 0.071197
0 0.704688 0.097087 0.021875 0.05178
0 0.805469 0.127832 0.023438 0.048544
0 0.735938 0.18932 0.028125 0.042071
0 0.827344 0.286408 0.023438 0.029126
0 0.910937 0.260518 0.05625 0.080906
0 0.757812 0.29288 0.06875 0.106796
0 0.904687 0.697411 0.109375 0.132686
0 0.726562 0.571197 0.0625 0.087379
0 0.728906 0.705502 0.020313 0.032362
0 0.686719 0.639159 0.029687 0.048544
0 0.610938 0.592233 0.034375 0.05178
0 0.65 0.700647 0.065625 0.074434
0 0.49375 0.553398 0.028125 0.038835
0 0.632031 0.509709 0.020313 0.029126
0 0.588281 0.449838 0.060937 0.090615
0 0.436719 0.435275 0.220312 0.339806
0 0.369531 0.537217 0.054688 0.090615
0 0.401562 0.563107 0.01875 0.032362
0 0.451562 0.65534 0.0375 0.067961
0 0.414062 0.686084 0.034375 0.038835
0 0.576562 0.754045 0.01875 0.032362
0 0.605469 0.81068 0.020313 0.029126
0 0.495312 0.864078 0.025 0.032362
0 0.534375 0.949838 0.05625 0.074434
0 0.204687 0.834951 0.06875 0.097087
0 0.192188 0.600324 0.05 0.080906
0 0.292187 0.440129 0.05625 0.110032
0 0.105469 0.461165 0.082812 0.093851
0 0.261719 0.656958 0.017188 0.019417
0 0.427344 0.794498 0.014063 0.022654
0 0.455469 0.930421 0.014063 0.022654
0 0.488281 0.914239 0.010937 0.016181
0 0.452344 0.760518 0.010937 0.012945
0 0.440625 0.859223 0.009375 0.016181
0 0.202344 0.305825 0.010937 0.016181
