0 0.305469 0.740947 0.092188 0.094708
0 0.459375 0.927577 0.10625 0.116992
0 0.417187 0.71727 0.075 0.086351
0 0.420312 0.497214 0.06875 0.075209
0 0.402344 0.317549 0.079687 0.089136
0 0.423438 0.098886 0.125 0.130919
0 0.515625 0.228412 0.109375 0.128134
0 0.596094 0.306407 0.089063 0.094708
0 0.509375 0.508357 0.05 0.064067
0 0.539062 0.590529 0.065625 0.077994
0 0.642969 0.699164 0.098437 0.094708
0 0.697656 0.920613 0.151562 0.142061
0 0.083594 0.422006 0.167187 0.175487
0 0.729688 0.639276 0.090625 0.091922
0 0.65625 0.520891 0.071875 0.083565
0 0.583594 0.455432 0.079687 0.075209
0 0.696875 0.367688 0.090625 0.094708
0 0.767969 0.238162 0.182812 0.192201
0 0.867188 0.431755 0.13125 0.139276
0 0.813281 0.107242 0.126562 0.097493
0 0.332813 0.385794 0.071875 0.075209
0 0.280469 0.232591 0.092188 0.097493
0 0.117969 0.268802 0.107813 0.103064
0 0.344531 0.594708 0.073438 0.086351
0 0.295312 0.513928 0.0875 0.097493
0 0.895312 0.846797 0.128125 0.128134
0 0.229687 0.931755 0.128125 0.130919
