0 0.066406 0.150235 0.026562 0.032864
0 0.442188 0.449531 0.18125 0.237089
0 0.589844 0.451878 0.060937 0.06338
0 0.609375 0.558685 0.034375 0.037559
0 0.538281 0.819249 0.060937 0.051643
0 0.494531 0.755869 0.023438 0.023474
0 0.492188 0.79108 0.015625 0.014085
0 0.455469 0.802817 0.010937 0.014085
0 0.429688 0.859155 0.0125 0.014085
0 0.442188 0.748826 0.0125 0.014085
0 0.455469 0.676056 0.010937 0.014085
0 0.453906 0.603286 0.039062 0.051643
0 0.415625 0.625587 0.034375 0.035211
0 0.427344 0.704225 0.014063 0.014085
0 0.603906 0.715962 0.020313 0.023474
0 0.578125 0.676056 0.021875 0.023474
0 0.652344 0.63615 0.067187 0.056338
0 0.728125 0.643192 0.028125 0.032864
0 0.6875 0.591549 0.03125 0.032864
0 0.729688 0.543427 0.053125 0.06338
0 0.782813 0.488263 0.10625 0.103286
0 0.897656 0.633803 0.098437 0.098592
0 0.726562 0.752347 0.015625 0.016432
0 0.578125 0.823944 0.0125 0.014085
0 0.323437 0.651408 0.0125 0.016432
0 0.35625 0.672535 0.009375 0.011737
0 0.385937 0.600939 0.015625 0.018779
0 0.295312 0.584507 0.015625 0.023474
0 0.264844 0.600939 0.023438 0.023474
0 0.246094 0.670188 0.014063 0.011737
0 0.207031 0.731221 0.070312 0.07277
0 0.295312 0.446009 0.05625 0.084507
0 0.195312 0.562207 0.05 0.058685
0 0.109375 0.462441 0.08125 0.065728
0 0.121875 0.528169 0.01875 0.018779
0 0.177344 0.292254 0.017188 0.016432
0 0.203906 0.346244 0.014063 0.016432
0 0.766406 0.124413 0.032813 0.037559
0 0.8875 0.132629 0.059375 0.06338
0 0.913281 0.315728 0.057813 0.06338
0 0.760156 0.341549 0.067187 0.077465
0 0.825781 0.336854 0.023438 0.025822
0 0.807813 0.224178 0.01875 0.025822
0 0.736719 0.266432 0.026562 0.030516
0 0.705469 0.198357 0.023438 0.025822
0 0.667969 0.147887 0.023438 0.023474
0 0.615625 0.205399 0.03125 0.044601
0 0.546094 0.237089 0.035937 0.037559
0 0.459375 0.18662 0.05 0.058685
0 0.529687 0.086854 0.028125 0.042254
0 0.447656 0.065728 0.026562 0.032864
0 0.36875 0.241784 0.034375 0.032864
0 0.292187 0.198357 0.1 0.138498
0 0.18125 0.144366 0.034375 0.044601
0 0.209375 0.059859 0.040625 0.058685
0 0.288281 0.090376 0.032813 0.044601
0 0.303906 0.024648 0.032813 0.035211
0 0.134375 0.151408 0.028125 0.039906
0 0.677344 0.069249 0.060937 0.077465
0 0.827344 0.011737 0.029687 0.023474
