5 0.360938 0.5 0.190625 0.088889
5 0.398438 0.5375 0.196875 0.102778
5 0.349219 0.629167 0.254688 0.119444
5 0.346094 0.7375 0.314063 0.152778
5 0.327344 0.894444 0.348438 0.166667
5 0.754687 0.584722 0.25 0.113889
5 0.680469 0.525 0.220312 0.077778
5 0.619531 0.415278 0.160938 0.102778
5 0.644531 0.440278 0.129688 0.086111
5 0.401562 0.388889 0.14375 0.088889
5 0.394531 0.434722 0.160938 0.075
5 0.384375 0.461111 0.159375 0.055556
5 0.80625 0.683333 0.271875 0.122222
5 0.695312 0.470833 0.15625 0.063889
5 0.845313 0.825 0.309375 0.188889
