5 0.44484 0.09375 0.039146 0.028125
5 0.19306 0.125 0.282918 0.059375
5 0.450178 0.2125 0.145907 0.05625
5 0.752669 0.173437 0.419929 0.253125
5 0.849644 0.341406 0.240214 0.110937
5 0.775801 0.502344 0.341637 0.170313
5 0.798932 0.733594 0.345196 0.182812
5 0.437722 0.703125 0.298932 0.09375
5 0.376335 0.86875 0.752669 0.18125
5 0.80605 0.919531 0.274021 0.079687
5 0.234875 0.622656 0.366548 0.254688
5 0.516014 0.594531 0.064057 0.067187
5 0.515125 0.794531 0.090747 0.029687
5 0.421708 0.377344 0.266904 0.126562
5 0.1379 0.436719 0.144128 0.051562
5 0.161922 0.2875 0.302491 0.128125
