5 0.785156 0.941667 0.098437 0.055556
5 0.505469 0.540278 0.164062 0.136111
5 0.894531 0.894444 0.151562 0.088889
5 0.786719 0.891667 0.085938 0.044444
5 0.719531 0.901389 0.076563 0.047222
5 0.601562 0.920833 0.109375 0.063889
5 0.591406 0.852778 0.170313 0.094444
5 0.723437 0.823611 0.078125 0.047222
5 0.684375 0.768056 0.0875 0.052778
5 0.623437 0.629167 0.075 0.063889
5 0.848437 0.602778 0.1375 0.122222
5 0.941406 0.590278 0.079687 0.058333
5 0.814063 0.575 0.15625 0.122222
5 0.917969 0.451389 0.114062 0.097222
5 0.915625 0.365278 0.10625 0.097222
5 0.699219 0.354167 0.314063 0.302778
5 0.849219 0.158333 0.160938 0.166667
5 0.774219 0.233333 0.095312 0.116667
5 0.457813 0.284722 0.10625 0.113889
5 0.435156 0.755556 0.114062 0.083333
5 0.385937 0.898611 0.175 0.097222
5 0.263281 0.848611 0.089063 0.058333
5 0.203125 0.884722 0.075 0.058333
5 0.144531 0.886111 0.079687 0.055556
5 0.18125 0.761111 0.075 0.055556
5 0.135156 0.697222 0.101562 0.077778
5 0.042188 0.693056 0.084375 0.080556
5 0.339062 0.654167 0.175 0.136111
5 0.265625 0.611111 0.06875 0.066667
5 0.169531 0.638889 0.073438 0.061111
5 0.263281 0.540278 0.070312 0.069444
5 0.348438 0.509722 0.090625 0.091667
5 0.41875 0.513889 0.0875 0.094444
5 0.185156 0.354167 0.095312 0.091667
5 0.115625 0.172222 0.13125 0.144444
5 0.290625 0.152778 0.15625 0.183333
5 0.501563 0.061111 0.159375 0.122222
