5 0.597656 0.30125 0.057813 0.0225
5 0.104688 0.18 0.04375 0.02
5 0.142187 0.08 0.046875 0.02
5 0.400781 0.0875 0.067187 0.025
5 0.271094 0.0925 0.070312 0.025
5 0.225 0.22375 0.05625 0.0275
5 0.135156 0.3375 0.085938 0.03
5 0.36875 0.29875 0.140625 0.0475
5 0.3625 0.19375 0.04375 0.0225
5 0.5 0.21875 0.10625 0.0375
5 0.628125 0.05375 0.090625 0.0325
5 0.570312 0.13125 0.053125 0.0275
5 0.710938 0.12625 0.046875 0.0175
5 0.800781 0.04375 0.042188 0.0175
5 0.936719 0.05 0.054688 0.025
5 0.828906 0.20875 0.085938 0.0275
5 0.702344 0.24625 0.064062 0.0225
5 0.824219 0.36 0.242188 0.065
5 0.576562 0.47 0.740625 0.225
5 0.578906 0.75125 0.545312 0.2225
5 0.250781 0.60375 0.304688 0.1275
