4 0.680086 0.84515 0.155696 0.236274 
4 0.300759 0.652041 0.089563 0.117299 
0 0.855699 0.772198 0.288603 0.455163 
1 0.689553 0.435747 0.1049 0.145404 
4 0.684189 0.577276 0.07906 0.122109 
1 0.576495 0.406593 0.085113 0.13961 
0 0.478726 0.348589 0.054892 0.08705 
4 0.525513 0.52209 0.062053 0.090369 
4 0.352758 0.442204 0.047549 0.054941 
7 0.327424 0.35033 0.051326 0.078636 
7 0.265556 0.394609 0.052807 0.078571 
4 0.212148 0.533364 0.075965 0.110977 
7 0.140037 0.616456 0.112826 0.173438 
4 0.378135 0.383358 0.036171 0.043067 
7 0.21152 0.536045 0.077163 0.113135 

нҖҙ?мҰҲ
test --> images folder --> labelмқ„ txtлЎң м¶”м¶ң
label --> labels нҸҙлҚ”м—җ м§‘м–ҙл„Јкі 
dataset02
    train
        images
        labels
    val -> кё°мЎҙм—җ мһҲлҚҳ кұ° к°–лӢӨ мҚЁлҸ„ лҗЁ 200мһҘ м •лҸ„?