3 0.141146 0.669444 0.044792 0.035185 
3 0.214583 0.505556 0.052083 0.055556 
3 0.546354 0.739815 0.057292 0.038889 
3 0.579688 0.82963 0.048958 0.02963 
3 0.729688 0.739815 0.051042 0.031481 
3 0.726042 0.817593 0.035417 0.027778 
3 0.7625 0.897222 0.014583 0.016667 
3 0.852604 0.824074 0.013542 0.014815 
2 0.655729 0.233333 0.013542 0.014815 
2 0.661979 0.196296 0.013542 0.018519 
2 0.733333 0.099074 0.014583 0.02037 
2 0.756771 0.092593 0.015625 0.022222 
2 0.874479 0.535185 0.044792 0.040741 
2 0.679688 0.126852 0.063542 0.075926 
