3 0.839063 0.809259 0.009375 0.011111 
3 0.763542 0.865741 0.010417 0.012963 
3 0.758854 0.744444 0.034375 0.025926 
3 0.742188 0.800926 0.028125 0.024074 
3 0.622396 0.75 0.036458 0.025926 
3 0.422396 0.584259 0.038542 0.038889 
3 0.328646 0.684259 0.034375 0.031481 
3 0.030208 0.448148 0.060417 0.048148 
2 0.788021 0.319444 0.044792 0.05 
2 0.755208 0.383333 0.010417 0.014815 
2 0.764062 0.361111 0.009375 0.014815 
2 0.826042 0.30463 0.010417 0.016667 
2 0.84375 0.301852 0.010417 0.014815 
3 0.628646 0.809259 0.030208 0.022222 
2 0.909896 0.628704 0.036458 0.024074 
