2 0.605729 0.637963 0.028125 0.038889 
2 0.240625 0.42963 0.033333 0.048148 
2 0.261458 0.398148 0.033333 0.048148 
2 0.28125 0.367593 0.0375 0.053704 
2 0.378125 0.34537 0.035417 0.053704 
2 0.288542 0.491667 0.03125 0.042593 
2 0.371354 0.474074 0.032292 0.044444 
2 0.397396 0.448148 0.034375 0.048148 
2 0.428646 0.415741 0.034375 0.05 
2 0.480729 0.588889 0.030208 0.040741 
2 0.541667 0.565741 0.03125 0.042593 
2 0.602604 0.543519 0.030208 0.046296 
2 0.659896 0.519444 0.032292 0.046296 
2 0.729167 0.471296 0.033333 0.05 
2 0.543229 0.62037 0.030208 0.040741 
