4 0.088077 0.113741 0.105385 0.100462 
4 0.365 0.149538 0.05 0.077367 
4 0.171923 0.340069 0.056154 0.114319 
4 0.300769 0.411085 0.073846 0.122402 
4 0.308077 0.278868 0.093077 0.162818 
4 0.699231 0.413972 0.12 0.183603 
4 0.548846 0.356236 0.060769 0.084296 
4 0.468462 0.486143 0.063077 0.106236 
4 0.540769 0.463048 0.106154 0.152425 
4 0.573462 0.601617 0.111538 0.182448 
4 0.747308 0.807737 0.111538 0.172055 
4 0.800385 0.681871 0.100769 0.160508 
4 0.911154 0.818129 0.131538 0.19746 
4 0.680385 0.136836 0.053077 0.079677 
