4 0.176667 0.854167 0.04 0.053571 
4 0.193333 0.511905 0.02 0.071429 
4 0.451667 0.672619 0.016667 0.035714 
4 0.531667 0.767857 0.016667 0.035714 
4 0.645 0.550595 0.016667 0.053571 
4 0.566667 0.604167 0.013333 0.029762 
4 0.585 0.58631 0.016667 0.029762 
4 0.57 0.6875 0.02 0.029762 
4 0.575 0.821429 0.016667 0.02381 
4 0.583333 0.776786 0.013333 0.029762 
4 0.605 0.708333 0.01 0.02381 
4 0.966667 0.791667 0.026667 0.047619 
4 0.88 0.28869 0.02 0.041667 
4 0.861667 0.3125 0.016667 0.029762 
4 0.675 0.306548 0.023333 0.041667 
4 0.62 0.383929 0.02 0.029762 
4 0.665 0.389881 0.016667 0.029762 
4 0.635 0.452381 0.016667 0.02381 
4 0.661667 0.46131 0.01 0.029762 
4 0.668333 0.52381 0.016667 0.02381 
4 0.691667 0.514881 0.016667 0.029762 
4 0.473333 0.446429 0.02 0.035714 
4 0.455 0.098214 0.043333 0.077381 
4 0.546667 0.21131 0.033333 0.065476 
4 0.49 0.208333 0.026667 0.047619 
4 0.506667 0.276786 0.046667 0.077381 
4 0.646667 0.160714 0.026667 0.047619 
4 0.623333 0.22619 0.033333 0.059524 
4 0.61 0.321429 0.013333 0.02381 
4 0.728333 0.160714 0.023333 0.047619 
4 0.843333 0.03869 0.013333 0.029762 
4 0.921667 0.056548 0.016667 0.029762 
4 0.905 0.080357 0.016667 0.029762 
4 0.85 0.160714 0.013333 0.035714 
4 0.813333 0.21131 0.04 0.077381 
4 0.703333 0.116071 0.02 0.029762 
4 0.938333 0.372024 0.016667 0.041667 
