4 0.341503 0.637731 0.117647 0.18287 
4 0.381536 0.167824 0.031046 0.048611 
4 0.272876 0.12963 0.029412 0.041667 
4 0.667484 0.524306 0.027778 0.034722 
4 0.719771 0.435185 0.02451 0.037037 
4 0.572712 0.405093 0.256536 0.199074 
4 0.583333 0.211806 0.026144 0.039352 
4 0.779412 0.454861 0.022876 0.039352 
4 0.730392 0.283565 0.03268 0.081019 
4 0.828431 0.217593 0.029412 0.037037 
4 0.912582 0.260417 0.02451 0.034722 
4 0.751634 0.913194 0.026144 0.034722 
4 0.410948 0.840278 0.021242 0.037037 
4 0.543301 0.701389 0.236928 0.324074 
4 0.152778 0.503472 0.145425 0.293981 
