4 0.204248 0.432598 0.098039 0.154412 
4 0.291667 0.366422 0.096405 0.183824 
4 0.361111 0.433824 0.101307 0.151961 
4 0.452614 0.457108 0.078431 0.139706 
4 0.400327 0.355392 0.094771 0.122549 
4 0.32598 0.276961 0.102941 0.171569 
4 0.309641 0.610294 0.102941 0.210784 
4 0.246732 0.466912 0.107843 0.14951 
4 0.21732 0.582108 0.104575 0.139706 
4 0.160948 0.35049 0.089869 0.147059 
4 0.237745 0.291667 0.089869 0.166667 
4 0.39951 0.503676 0.119281 0.144608 
4 0.406046 0.601716 0.099673 0.105392 
