4 0.720588 0.560049 0.013072 0.026961 
4 0.876634 0.339461 0.05719 0.051471 
4 0.705882 0.134804 0.029412 0.058824 
4 0.322712 0.155637 0.106209 0.188725 
4 0.454248 0.1875 0.022876 0.036765 
4 0.385621 0.373775 0.019608 0.026961 
4 0.183824 0.5625 0.080065 0.139706 
4 0.254902 0.698529 0.013072 0.029412 
4 0.29085 0.691176 0.013072 0.029412 
4 0.296569 0.481618 0.017974 0.031863 
4 0.285131 0.572304 0.014706 0.026961 
4 0.445261 0.468137 0.011438 0.02451 
4 0.485294 0.533088 0.019608 0.105392 
4 0.558007 0.459559 0.011438 0.022059 
4 0.580882 0.556373 0.014706 0.02451 
4 0.590686 0.528186 0.014706 0.022059 
4 0.63317 0.53799 0.011438 0.022059 
4 0.658497 0.506127 0.01634 0.022059 
4 0.812092 0.528186 0.01634 0.026961 
4 0.651961 0.703431 0.013072 0.034314 
4 0.689542 0.721814 0.01634 0.026961 
4 0.726307 0.694853 0.014706 0.031863 
4 0.751634 0.714461 0.019608 0.022059 
