4 0.620732 0.2 0.068293 0.118519 
4 0.528659 0.124074 0.059756 0.077778 
4 0.482927 0.2 0.068293 0.137037 
4 0.520122 0.280556 0.057317 0.094444 
4 0.571341 0.272222 0.057317 0.111111 
4 0.55061 0.196296 0.07439 0.092593 
4 0.430488 0.214815 0.05122 0.088889 
4 0.461585 0.273148 0.054878 0.101852 
4 0.502439 0.392593 0.07561 0.144444 
4 0.615854 0.340741 0.070732 0.107407 
4 0.636585 0.409259 0.065854 0.088889 
4 0.54939 0.341667 0.052439 0.068519 
4 0.564634 0.428704 0.065854 0.116667 
4 0.420732 0.344444 0.065854 0.1 
4 0.401829 0.419444 0.081707 0.098148 
4 0.453049 0.472222 0.071951 0.111111 
4 0.554268 0.534259 0.07439 0.098148 
4 0.562195 0.617593 0.053659 0.07963 
4 0.510366 0.605556 0.057317 0.103704 
4 0.462195 0.582407 0.07561 0.105556 
4 0.430488 0.639815 0.070732 0.105556 
4 0.39878 0.508333 0.056098 0.07963 
