4 0.527027 0.512887 0.081081 0.128866 
4 0.53668 0.399485 0.030888 0.046392 
4 0.177606 0.409794 0.046332 0.06701 
4 0.490347 0.242268 0.061776 0.082474 
4 0.584942 0.216495 0.057915 0.082474 
4 0.581081 0.141753 0.034749 0.046392 
4 0.279923 0.123711 0.034749 0.030928 
4 0.333977 0.162371 0.057915 0.056701 
4 0.314672 0.219072 0.042471 0.056701 
4 0.372587 0.113402 0.027027 0.030928 
4 0.498069 0.121134 0.03861 0.046392 
4 0.542471 0.100515 0.027027 0.036082 
4 0.548263 0.054124 0.023166 0.025773 
4 0.353282 0.046392 0.027027 0.030928 
4 0.393822 0.03866 0.023166 0.025773 
4 0.478764 0.018041 0.030888 0.036082 
4 0.611969 0.018041 0.027027 0.036082 
4 0.700772 0.020619 0.027027 0.030928 
4 0.683398 0.090206 0.023166 0.025773 
4 0.679537 0.17268 0.03861 0.056701 
4 0.73166 0.146907 0.034749 0.046392 
4 0.007722 0.35567 0.015444 0.030928 
4 0.100386 0.206186 0.03861 0.082474 
4 0.07722 0.108247 0.03861 0.041237 
4 0.110039 0.041237 0.042471 0.041237 
4 0.023166 0.028351 0.03861 0.046392 
4 0.764479 0.438144 0.015444 0.030928 
4 0.785714 0.474227 0.019305 0.020619 
4 0.878378 0.42268 0.019305 0.030928 
4 0.934363 0.373711 0.023166 0.025773 
4 0.969112 0.365979 0.015444 0.020619 
4 0.716216 0.332474 0.073359 0.108247 
4 0.777992 0.280928 0.019305 0.025773 
4 0.793436 0.31701 0.019305 0.025773 
4 0.80888 0.270619 0.019305 0.036082 
4 0.758687 0.208763 0.027027 0.036082 
4 0.837838 0.048969 0.030888 0.046392 
4 0.822394 0.17268 0.023166 0.036082 
4 0.872587 0.195876 0.023166 0.030928 
