4 0.529412 0.553922 0.022876 0.039216 
4 0.487745 0.526961 0.027778 0.039216 
4 0.468954 0.536765 0.019608 0.039216 
4 0.439542 0.519608 0.035948 0.053922 
4 0.460784 0.491422 0.029412 0.041667 
4 0.446895 0.449755 0.02451 0.036765 
4 0.456699 0.42402 0.027778 0.039216 
4 0.472222 0.406863 0.026144 0.039216 
4 0.458333 0.355392 0.027778 0.053922 
4 0.497549 0.290441 0.02451 0.036765 
4 0.309641 0.234069 0.021242 0.036765 
4 0.304739 0.039216 0.02451 0.034314 
4 0.277778 0.515931 0.022876 0.041667 
4 0.215686 0.422794 0.022876 0.041667 
4 0.508987 0.360294 0.027778 0.053922 
4 0.515523 0.394608 0.027778 0.044118 
4 0.411765 0.64951 0.029412 0.044118 
4 0.498366 0.70098 0.026144 0.039216 
4 0.511438 0.653186 0.026144 0.041667 
4 0.502451 0.599265 0.027778 0.046569 
4 0.45915 0.577206 0.022876 0.036765 
4 0.581699 0.628676 0.042484 0.071078 
4 0.620098 0.647059 0.027778 0.039216 
4 0.610294 0.457108 0.02451 0.051471 
4 0.645425 0.466912 0.029412 0.041667 
4 0.627451 0.495098 0.022876 0.034314 
4 0.570261 0.471814 0.029412 0.041667 
4 0.530229 0.487745 0.02451 0.044118 
4 0.538399 0.442402 0.02451 0.036765 
4 0.513072 0.468137 0.026144 0.039216 
4 0.500817 0.493873 0.031046 0.046569 
