4 0.352124 0.507246 0.102941 0.062802 
4 0.320261 0.72343 0.143791 0.084541 
4 0.235294 0.599034 0.137255 0.289855 
4 0.178105 0.594203 0.101307 0.169082 
4 0.117647 0.629227 0.045752 0.108696 
4 0.148693 0.657005 0.137255 0.120773 
4 0.579248 0.583333 0.037582 0.084541 
4 0.55719 0.694444 0.120915 0.142512 
4 0.560458 0.522947 0.081699 0.074879 
4 0.505719 0.502415 0.031046 0.033816 
4 0.434641 0.512077 0.101307 0.193237 
4 0.51634 0.390097 0.055556 0.118357 
4 0.386438 0.38285 0.047386 0.084541 
4 0.313725 0.398551 0.081699 0.135266 
4 0.218137 0.349034 0.053922 0.084541 
4 0.258987 0.326087 0.083333 0.169082 
4 0.316176 0.189614 0.135621 0.190821 
4 0.886438 0.635266 0.076797 0.10628 
4 0.878268 0.524155 0.076797 0.154589 
4 0.364379 0.468599 0.133987 0.067633 
4 0.14134 0.487923 0.119281 0.164251 
