4 0.221405 0.889706 0.034314 0.053922 
4 0.808007 0.651961 0.017974 0.053922 
4 0.818627 0.594363 0.029412 0.046569 
4 0.857843 0.617647 0.026144 0.068627 
4 0.84232 0.666667 0.02451 0.044118 
4 0.862745 0.677696 0.022876 0.031863 
4 0.856209 0.830882 0.052288 0.083333 
4 0.886438 0.936275 0.021242 0.029412 
4 0.827614 0.930147 0.027778 0.046569 
4 0.828431 0.965686 0.01634 0.02451 
4 0.851307 0.973039 0.019608 0.029412 
4 0.986928 0.904412 0.026144 0.088235 
4 0.945261 0.273284 0.027778 0.056373 
4 0.978758 0.253676 0.026144 0.041667 
4 0.963235 0.276961 0.017974 0.04902 
4 0.950163 0.375 0.031046 0.04902 
4 0.992647 0.334559 0.014706 0.036765 
4 0.24183 0.052696 0.026144 0.036765 
4 0.215686 0.080882 0.022876 0.044118 
4 0.240196 0.08701 0.022876 0.031863 
4 0.247549 0.116422 0.02451 0.031863 
4 0.281046 0.109069 0.029412 0.036765 
4 0.220588 0.159314 0.022876 0.034314 
4 0.121732 0.884804 0.034314 0.068627 
4 0.137255 0.941176 0.039216 0.04902 
4 0.224673 0.819853 0.037582 0.071078 
4 0.254902 0.835784 0.035948 0.068627 
4 0.214869 0.688725 0.021242 0.029412 
4 0.212418 0.617647 0.019608 0.034314 
4 0.199346 0.625 0.019608 0.034314 
4 0.281863 0.677696 0.017974 0.026961 
4 0.302288 0.654412 0.022876 0.029412 
4 0.387255 0.64951 0.022876 0.034314 
4 0.413399 0.654412 0.026144 0.034314 
4 0.364379 0.540441 0.026144 0.036765 
4 0.361928 0.490196 0.021242 0.039216 
4 0.384804 0.508578 0.021242 0.041667 
4 0.382353 0.47549 0.019608 0.029412 
4 0.398693 0.465686 0.019608 0.044118 
4 0.434641 0.433824 0.029412 0.039216 
4 0.425654 0.473039 0.021242 0.029412 
4 0.430556 0.509804 0.034314 0.04902 
4 0.461601 0.53799 0.02451 0.036765 
4 0.457516 0.480392 0.042484 0.039216 
4 0.487745 0.468137 0.021242 0.044118 
4 0.511438 0.484069 0.029412 0.061275 
4 0.489379 0.515931 0.034314 0.036765 
4 0.558007 0.488971 0.02451 0.051471 
4 0.578431 0.469363 0.022876 0.046569 
4 0.542484 0.514706 0.026144 0.04902 
4 0.521242 0.5625 0.022876 0.036765 
4 0.542484 0.552696 0.029412 0.036765 
4 0.554739 0.584559 0.02451 0.036765 
4 0.614379 0.5 0.022876 0.039216 
4 0.638889 0.522059 0.026144 0.034314 
4 0.647876 0.560049 0.027778 0.036765 
4 0.654412 0.580882 0.031046 0.034314 
4 0.611111 0.566176 0.022876 0.034314 
4 0.723039 0.71201 0.021242 0.031863 
4 0.731209 0.747549 0.027778 0.044118 
4 0.757353 0.748775 0.02451 0.051471 
4 0.784314 0.670343 0.029412 0.041667 
4 0.794935 0.655637 0.021242 0.046569 
