4 0.453431 0.693627 0.014706 0.02451 
4 0.414216 0.622549 0.017974 0.029412 
4 0.379902 0.627451 0.017974 0.02451 
4 0.472222 0.525735 0.013072 0.026961 
4 0.454248 0.51348 0.01634 0.026961 
4 0.422386 0.528186 0.014706 0.026961 
4 0.387255 0.557598 0.022876 0.051471 
4 0.643791 0.563725 0.04902 0.117647 
4 0.572712 0.5625 0.093137 0.208333 
4 0.446895 0.857843 0.011438 0.02451 
4 0.388072 0.849265 0.014706 0.022059 
4 0.433824 0.748775 0.014706 0.022059 
4 0.639706 0.813725 0.02451 0.058824 
4 0.694444 0.892157 0.022876 0.02451 
4 0.735294 0.79902 0.094771 0.093137 
4 0.382353 0.473039 0.062092 0.083333 
4 0.816993 0.104167 0.075163 0.10049 
4 0.651961 0.460784 0.01634 0.02451 
4 0.742647 0.520833 0.017974 0.026961 
4 0.776144 0.480392 0.022876 0.029412 
4 0.708333 0.301471 0.161765 0.176471 
4 0.594771 0.870098 0.019608 0.034314 
4 0.579248 0.796569 0.014706 0.029412 
