4 0.470588 0.659314 0.04902 0.053922 
4 0.531863 0.518382 0.145425 0.208333 
4 0.527778 0.632353 0.013072 0.019608 
4 0.534314 0.375 0.101307 0.073529 
4 0.444444 0.400735 0.026144 0.036765 
4 0.378268 0.384804 0.021242 0.034314 
4 0.420752 0.484069 0.027778 0.036765 
4 0.512255 0.221814 0.02451 0.046569 
4 0.578431 0.753676 0.035948 0.085784 
4 0.386438 0.704657 0.021242 0.051471 
4 0.427288 0.732843 0.021242 0.039216 
4 0.331699 0.584559 0.026144 0.051471 
4 0.256536 0.716912 0.019608 0.036765 
4 0.303922 0.848039 0.019608 0.029412 
