4 0.072243 0.484293 0.015209 0.036649 
4 0.064639 0.554974 0.015209 0.031414 
4 0.13308 0.657068 0.022814 0.026178 
4 0.047529 0.680628 0.019011 0.020942 
4 0.085551 0.753927 0.019011 0.020942 
4 0.174905 0.808901 0.015209 0.026178 
4 0.146388 0.900524 0.019011 0.020942 
4 0.207224 0.853403 0.019011 0.031414 
4 0.287072 0.568063 0.026616 0.057592 
4 0.323194 0.515707 0.015209 0.036649 
4 0.372624 0.664921 0.022814 0.031414 
4 0.494297 0.772251 0.022814 0.036649 
4 0.498099 0.643979 0.022814 0.031414 
4 0.461977 0.468586 0.019011 0.026178 
4 0.68251 0.599476 0.026616 0.036649 
4 0.71673 0.685864 0.026616 0.031414 
4 0.65019 0.808901 0.022814 0.036649 
4 0.737643 0.814136 0.045627 0.057592 
4 0.826996 0.764398 0.026616 0.041885 
4 0.775665 0.641361 0.022814 0.036649 
4 0.745247 0.568063 0.022814 0.036649 
4 0.826996 0.562827 0.026616 0.04712 
4 0.893536 0.520942 0.030418 0.036649 
4 0.986692 0.560209 0.026616 0.041885 
4 0.914449 0.41623 0.034221 0.04712 
4 0.844106 0.395288 0.022814 0.036649 
4 0.81749 0.361257 0.022814 0.041885 
4 0.711027 0.290576 0.038023 0.078534 
4 0.807985 0.272251 0.019011 0.031414 
4 0.918251 0.306283 0.087452 0.099476 
4 0.834601 0.104712 0.026616 0.031414 
4 0.585551 0.125654 0.030418 0.073298 
4 0.131179 0.143979 0.026616 0.036649 
4 0.304183 0.104712 0.038023 0.041885 
4 0.131179 0.26178 0.019011 0.041885 
4 0.051331 0.348168 0.026616 0.036649 
4 0.134981 0.382199 0.019011 0.031414 
4 0.159696 0.348168 0.015209 0.026178 
4 0.256654 0.274869 0.019011 0.036649 
4 0.249049 0.397906 0.019011 0.031414 
4 0.370722 0.311518 0.019011 0.036649 
4 0.391635 0.337696 0.015209 0.026178 
4 0.452471 0.314136 0.015209 0.031414 
4 0.479087 0.311518 0.022814 0.04712 
