4 0.183824 0.022059 0.04085 0.044118 
4 0.103758 0.237745 0.050654 0.078431 
4 0.034314 0.254902 0.052288 0.107843 
4 0.022876 0.382353 0.022876 0.039216 
4 0.168301 0.444853 0.045752 0.071078 
4 0.162582 0.631127 0.027778 0.046569 
4 0.066176 0.716912 0.021242 0.041667 
4 0.074346 0.778186 0.027778 0.046569 
4 0.022059 0.903186 0.031046 0.046569 
4 0.080882 0.873775 0.02451 0.036765 
4 0.129085 0.886029 0.035948 0.056373 
4 0.172386 0.830882 0.04085 0.068627 
4 0.227124 0.79902 0.026144 0.044118 
4 0.253268 0.6875 0.035948 0.061275 
4 0.276961 0.539216 0.031046 0.058824 
4 0.361111 0.709559 0.022876 0.036765 
4 0.289216 0.769608 0.035948 0.063725 
4 0.319444 0.824755 0.02451 0.036765 
4 0.311275 0.884804 0.017974 0.029412 
4 0.337418 0.927696 0.044118 0.056373 
4 0.494281 0.898284 0.04085 0.051471 
4 0.583333 0.976716 0.019608 0.031863 
4 0.565359 0.835784 0.052288 0.083333 
4 0.528595 0.769608 0.031046 0.053922 
4 0.531863 0.721814 0.017974 0.031863 
4 0.558824 0.745098 0.022876 0.034314 
4 0.638889 0.745098 0.019608 0.034314 
4 0.746732 0.963235 0.035948 0.058824 
4 0.929739 0.85049 0.045752 0.068627 
4 0.980392 0.828431 0.03268 0.053922 
4 0.785948 0.854167 0.01634 0.022059 
4 0.809641 0.778186 0.044118 0.085784 
4 0.847222 0.718137 0.044118 0.112745 
4 0.81781 0.577206 0.063725 0.110294 
4 0.78268 0.620098 0.042484 0.063725 
4 0.780229 0.544118 0.014706 0.034314 
4 0.978758 0.415441 0.035948 0.061275 
4 0.987745 0.501225 0.021242 0.066176 
4 0.871732 0.464461 0.021242 0.031863 
4 0.81781 0.502451 0.017974 0.029412 
4 0.741013 0.496324 0.017974 0.031863 
4 0.80719 0.314951 0.019608 0.031863 
4 0.706699 0.352941 0.04085 0.063725 
4 0.879085 0.283088 0.035948 0.061275 
4 0.852124 0.218137 0.044118 0.063725 
4 0.978758 0.128676 0.042484 0.071078 
4 0.915033 0.009804 0.039216 0.019608 
4 0.680556 0.08701 0.047386 0.07598 
4 0.586601 0.140931 0.022876 0.031863 
4 0.473856 0.20098 0.052288 0.093137 
4 0.401144 0.275735 0.027778 0.046569 
4 0.415033 0.033088 0.039216 0.066176 
4 0.344771 0.490196 0.042484 0.068627 
4 0.433824 0.375 0.021242 0.039216 
4 0.410948 0.496324 0.034314 0.056373 
4 0.43219 0.569853 0.031046 0.051471 
4 0.513889 0.491422 0.031046 0.051471 
4 0.513072 0.643382 0.01634 0.031863 
4 0.599673 0.452206 0.101307 0.154412 
4 0.65768 0.542892 0.031046 0.051471 
4 0.622549 0.574755 0.029412 0.056373 
4 0.709967 0.699755 0.017974 0.036765 
4 0.731209 0.720588 0.017974 0.034314 
4 0.745098 0.6875 0.013072 0.026961 
4 0.721405 0.783088 0.017974 0.031863 
