4 0.781046 0.564951 0.013072 0.017157 
4 0.754085 0.259804 0.093137 0.117647 
4 0.686275 0.177696 0.009804 0.012255 
4 0.884804 0.45098 0.014706 0.014706 
4 0.897059 0.720588 0.150327 0.161765 
4 0.854575 0.526961 0.013072 0.019608 
4 0.756536 0.734069 0.009804 0.017157 
4 0.718137 0.602941 0.00817 0.009804 
4 0.703431 0.628676 0.00817 0.012255 
4 0.65768 0.683824 0.004902 0.009804 
4 0.604575 0.651961 0.009804 0.009804 
4 0.612745 0.496324 0.169935 0.129902 
4 0.541667 0.379902 0.00817 0.014706 
4 0.718137 0.830882 0.011438 0.019608 
4 0.45098 0.91299 0.013072 0.022059 
4 0.488562 0.699755 0.009804 0.012255 
4 0.439542 0.540441 0.143791 0.164216 
4 0.34232 0.582108 0.00817 0.012255 
4 0.316176 0.631127 0.00817 0.012255 
4 0.261438 0.675245 0.01634 0.017157 
4 0.02451 0.612745 0.009804 0.014706 
4 0.124183 0.533088 0.084967 0.178922 
4 0.23366 0.425245 0.055556 0.134804 
4 0.264706 0.231618 0.107843 0.14951 
