4 0.423203 0.473039 0.009804 0.014706 
4 0.738562 0.393382 0.026144 0.031863 
4 0.68219 0.401961 0.017974 0.029412 
4 0.741013 0.306373 0.027778 0.039216 
4 0.698529 0.191176 0.031046 0.068627 
4 0.619281 0.198529 0.04902 0.112745 
4 0.558824 0.189951 0.01634 0.031863 
4 0.628268 0.061275 0.017974 0.029412 
4 0.543301 0.292892 0.014706 0.026961 
4 0.367647 0.892157 0.013072 0.019608 
4 0.331699 0.942402 0.009804 0.022059 
4 0.286765 0.841912 0.017974 0.022059 
4 0.280229 0.778186 0.011438 0.017157 
4 0.254902 0.816176 0.013072 0.014706 
4 0.206699 0.830882 0.011438 0.014706 
4 0.223039 0.856618 0.014706 0.036765 
4 0.256536 0.890931 0.019608 0.026961 
4 0.390523 0.681373 0.01634 0.04902 
4 0.38317 0.590686 0.014706 0.029412 
4 0.34232 0.612745 0.00817 0.014706 
4 0.45915 0.595588 0.009804 0.014706 
4 0.455882 0.644608 0.013072 0.019608 
4 0.523693 0.566176 0.011438 0.019608 
4 0.464052 0.523284 0.009804 0.012255 
4 0.433824 0.520833 0.011438 0.022059 
4 0.383987 0.497549 0.013072 0.02451 
4 0.400327 0.473039 0.013072 0.014706 
4 0.431373 0.454657 0.019608 0.017157 
4 0.478758 0.466912 0.009804 0.017157 
4 0.416667 0.525735 0.009804 0.017157 
