4 0.068333 0.071429 0.096667 0.142857 
4 0.035 0.196429 0.07 0.130952 
4 0.01 0.485119 0.02 0.065476 
4 0.116667 0.360119 0.026667 0.053571 
4 0.148333 0.404762 0.03 0.047619 
4 0.085 0.5 0.05 0.107143 
4 0.141667 0.505952 0.036667 0.047619 
4 0.126667 0.577381 0.02 0.02381 
4 0.161667 0.580357 0.03 0.029762 
4 0.143333 0.654762 0.026667 0.047619 
4 0.18 0.642857 0.02 0.02381 
4 0.208333 0.419643 0.03 0.053571 
4 0.208333 0.464286 0.023333 0.035714 
4 0.233333 0.488095 0.02 0.035714 
4 0.266667 0.494048 0.02 0.02381 
4 0.296667 0.511905 0.013333 0.02381 
4 0.306667 0.46131 0.04 0.041667 
4 0.371667 0.526786 0.043333 0.053571 
4 0.388333 0.386905 0.043333 0.178571 
4 0.351667 0.345238 0.023333 0.035714 
4 0.3 0.184524 0.033333 0.071429 
4 0.403333 0.02381 0.02 0.047619 
4 0.446667 0.083333 0.026667 0.059524 
4 0.49 0.113095 0.033333 0.071429 
4 0.478333 0.181548 0.023333 0.041667 
4 0.421667 0.276786 0.016667 0.065476 
4 0.531667 0.184524 0.036667 0.095238 
4 0.57 0.041667 0.046667 0.083333 
4 0.593333 0.166667 0.02 0.035714 
4 0.648333 0.029762 0.03 0.059524 
4 0.63 0.16369 0.02 0.041667 
4 0.59 0.223214 0.06 0.053571 
4 0.693333 0.125 0.093333 0.25 
4 0.816667 0.017857 0.033333 0.035714 
4 0.841667 0.065476 0.05 0.083333 
4 0.783333 0.122024 0.04 0.077381 
4 0.763333 0.247024 0.08 0.160714 
4 0.856667 0.27381 0.026667 0.047619 
4 0.865 0.455357 0.043333 0.065476 
4 0.81 0.372024 0.086667 0.125 
4 0.94 0.321429 0.053333 0.083333 
4 0.935 0.544643 0.023333 0.041667 
4 0.966667 0.583333 0.02 0.035714 
4 0.99 0.5625 0.02 0.053571 
4 0.97 0.627976 0.02 0.029762 
4 0.908333 0.604167 0.023333 0.041667 
4 0.923333 0.636905 0.013333 0.02381 
4 0.9 0.666667 0.033333 0.035714 
4 0.833333 0.535714 0.033333 0.047619 
4 0.856667 0.645833 0.033333 0.041667 
4 0.815 0.565476 0.01 0.02381 
4 0.825 0.604167 0.016667 0.029762 
4 0.81 0.47619 0.013333 0.02381 
4 0.756667 0.440476 0.066667 0.047619 
4 0.748333 0.553571 0.043333 0.071429 
4 0.676667 0.556548 0.08 0.184524 
4 0.718333 0.514881 0.03 0.053571 
4 0.658333 0.369048 0.05 0.047619 
4 0.683333 0.297619 0.02 0.047619 
4 0.69 0.431548 0.02 0.029762 
4 0.716667 0.345238 0.046667 0.119048 
4 0.595 0.479167 0.016667 0.029762 
4 0.585 0.511905 0.016667 0.035714 
4 0.6 0.526786 0.013333 0.017857 
4 0.605 0.556548 0.016667 0.029762 
4 0.615 0.604167 0.016667 0.053571 
4 0.596667 0.58631 0.02 0.029762 
4 0.575 0.544643 0.016667 0.029762 
4 0.565 0.488095 0.016667 0.02381 
4 0.55 0.541667 0.013333 0.02381 
4 0.525 0.5625 0.03 0.077381 
4 0.543333 0.633929 0.013333 0.029762 
4 0.498333 0.5625 0.016667 0.029762 
4 0.488333 0.5 0.03 0.035714 
4 0.44 0.47619 0.033333 0.035714 
4 0.448333 0.520833 0.016667 0.053571 
4 0.451667 0.589286 0.023333 0.047619 
4 0.475 0.574405 0.016667 0.041667 
4 0.466667 0.526786 0.013333 0.017857 
4 0.463333 0.446429 0.026667 0.071429 
4 0.316667 0.580357 0.02 0.029762 
4 0.338333 0.526786 0.016667 0.041667 
4 0.348333 0.592262 0.016667 0.029762 
4 0.486667 0.625 0.013333 0.02381 
4 0.495 0.642857 0.01 0.02381 
4 0.521667 0.660714 0.016667 0.047619 
4 0.496667 0.595238 0.013333 0.02381 
4 0.495 0.419643 0.023333 0.041667 
4 0.441667 0.366071 0.023333 0.065476 
4 0.521667 0.401786 0.016667 0.029762 
4 0.515 0.449405 0.023333 0.053571 
4 0.553333 0.321429 0.113333 0.130952 
4 0.203333 0.678571 0.013333 0.02381 
4 0.23 0.657738 0.013333 0.029762 
4 0.25 0.607143 0.013333 0.02381 
4 0.273333 0.666667 0.013333 0.02381 
4 0.351667 0.642857 0.01 0.02381 
4 0.328333 0.607143 0.016667 0.02381 
4 0.325 0.639881 0.016667 0.029762 
4 0.401667 0.598214 0.016667 0.017857 
4 0.045 0.705357 0.023333 0.041667 
