4 0.392974 0.435049 0.29902 0.257353 
4 0.181373 0.279412 0.107843 0.161765 
4 0.297386 0.056373 0.019608 0.019608 
4 0.332516 0.143382 0.034314 0.066176 
4 0.313725 0.21201 0.019608 0.022059 
4 0.512255 0.068627 0.04085 0.058824 
4 0.839869 0.357843 0.303922 0.45098 
4 0.829248 0.102941 0.031046 0.029412 
4 0.919118 0.047794 0.014706 0.026961 
4 0.746732 0.677696 0.169935 0.17402 
4 0.904412 0.681373 0.011438 0.009804 
4 0.895425 0.893382 0.009804 0.046569 
4 0.446895 0.808824 0.416667 0.382353 
4 0.231209 0.618873 0.014706 0.026961 
4 0.174837 0.672794 0.013072 0.022059 
4 0.095588 0.806373 0.00817 0.014706 
4 0.142157 0.811275 0.009804 0.014706 
4 0.183824 0.948529 0.00817 0.014706 
4 0.722222 0.949755 0.006536 0.012255 
