4 0.046332 0.358247 0.092664 0.427835 
4 0.160232 0.324742 0.073359 0.072165 
4 0.281853 0.309278 0.11583 0.154639 
4 0.928571 0.81701 0.142857 0.35567 
4 0.872587 0.260309 0.100386 0.170103 
4 0.926641 0.404639 0.07722 0.07732 
4 0.801158 0.471649 0.127413 0.128866 
4 0.878378 0.543814 0.019305 0.036082 
4 0.710425 0.626289 0.030888 0.06701 
4 0.839768 0.742268 0.034749 0.072165 
4 0.762548 0.809278 0.196911 0.185567 
4 0.776062 0.940722 0.146718 0.118557 
4 0.642857 0.865979 0.088803 0.164948 
4 0.305019 0.78866 0.610039 0.42268 
4 0.61583 0.96134 0.019305 0.025773 
4 0.177606 0.474227 0.146718 0.206186 
4 0.303089 0.53866 0.104247 0.07732 
4 0.403475 0.487113 0.119691 0.262887 
4 0.581081 0.556701 0.050193 0.123711 
4 0.548263 0.306701 0.393822 0.376289 
4 0.42471 0.07732 0.030888 0.061856 
4 0.457529 0.025773 0.027027 0.041237 
4 0.637066 0.020619 0.03861 0.041237 
4 0.658301 0.118557 0.088803 0.113402 
4 0.833977 0.043814 0.030888 0.046392 
4 0.851351 0.662371 0.019305 0.036082 
