4 0.028667 0.0275 0.037333 0.043 
4 0.072 0.065 0.034667 0.044 
4 0.214667 0.0755 0.016 0.027 
4 0.270333 0.0825 0.019333 0.023 
4 0.293667 0.064 0.019333 0.03 
4 0.315667 0.055 0.011333 0.028 
4 0.305667 0.083 0.012667 0.022 
4 0.336 0.045 0.016 0.02 
4 0.360333 0.028 0.014 0.022 
4 0.389 0.023 0.018 0.026 
4 0.334333 0.1595 0.016667 0.025 
4 0.274667 0.1825 0.017333 0.025 
4 0.312333 0.248 0.072667 0.074 
4 0.271333 0.259 0.012 0.018 
4 0.167333 0.266 0.012 0.02 
4 0.147667 0.2805 0.019333 0.025 
4 0.150333 0.316 0.018 0.028 
4 0.107333 0.3725 0.022667 0.027 
4 0.095333 0.428 0.018667 0.03 
4 0.269667 0.39 0.032667 0.044 
4 0.265333 0.4365 0.037333 0.045 
4 0.215333 0.542 0.028 0.042 
4 0.269333 0.511 0.04 0.058 
4 0.310667 0.51 0.04 0.074 
4 0.353667 0.541 0.05 0.094 
4 0.378333 0.4735 0.031333 0.039 
4 0.295333 0.6365 0.033333 0.049 
4 0.392667 0.6515 0.034667 0.047 
4 0.438667 0.5675 0.038667 0.053 
4 0.475667 0.36 0.046 0.068 
4 0.608667 0.2545 0.050667 0.087 
4 0.665333 0.161 0.058667 0.09 
4 0.735333 0.2485 0.094667 0.169 
4 0.776333 0.3185 0.082 0.101 
4 0.935667 0.047 0.124667 0.094 
4 0.940667 0.361 0.081333 0.09 
4 0.856 0.473 0.046667 0.08 
4 0.834667 0.5595 0.042667 0.077 
4 0.773333 0.594 0.045333 0.064 
4 0.905 0.681 0.047333 0.068 
4 0.968 0.7105 0.064 0.171 
4 0.987 0.8215 0.026 0.053 
4 0.928333 0.813 0.052667 0.086 
4 0.872 0.807 0.056 0.096 
4 0.788 0.935 0.037333 0.06 
4 0.855 0.989 0.040667 0.022 
4 0.704 0.8615 0.034667 0.063 
4 0.805333 0.692 0.030667 0.04 
4 0.773667 0.7055 0.035333 0.055 
4 0.797667 0.759 0.034 0.052 
4 0.727333 0.7545 0.037333 0.049 
4 0.509667 0.7435 0.031333 0.049 
4 0.555667 0.799 0.03 0.046 
4 0.601667 0.7905 0.040667 0.081 
4 0.581333 0.732 0.032 0.05 
4 0.606667 0.7065 0.034667 0.059 
4 0.672 0.759 0.068 0.088 
4 0.699333 0.681 0.066667 0.094 
4 0.633667 0.6645 0.032667 0.045 
4 0.429667 0.8265 0.036667 0.053 
4 0.336 0.811 0.033333 0.054 
4 0.365667 0.862 0.031333 0.048 
4 0.603 0.489 0.042 0.068 
4 0.448667 0.477 0.026667 0.044 
4 0.488 0.5285 0.065333 0.133 
4 0.589333 0.6095 0.165333 0.163 
4 0.705 0.579 0.039333 0.06 
