4 0.923203 0.501225 0.04902 0.071078 
4 0.319444 0.202206 0.021242 0.026961 
4 0.401961 0.203431 0.022876 0.058824 
4 0.459967 0.213235 0.017974 0.029412 
4 0.548203 0.357843 0.021242 0.034314 
4 0.473039 0.381127 0.017974 0.031863 
4 0.484477 0.314951 0.014706 0.031863 
4 0.446895 0.46201 0.017974 0.031863 
4 0.424837 0.439951 0.022876 0.041667 
4 0.403595 0.410539 0.01634 0.022059 
4 0.418301 0.359069 0.01634 0.026961 
4 0.363562 0.54902 0.014706 0.02451 
4 0.427288 0.821078 0.014706 0.02451 
4 0.443627 0.735294 0.014706 0.02451 
4 0.480392 0.697304 0.01634 0.026961 
4 0.54902 0.602941 0.01634 0.029412 
4 0.622549 0.715686 0.01634 0.02451 
4 0.566993 0.72549 0.01634 0.02451 
4 0.604575 0.748775 0.01634 0.026961 
4 0.597222 0.802696 0.014706 0.022059 
4 0.633987 0.814951 0.013072 0.022059 
4 0.661765 0.849265 0.013072 0.022059 
4 0.669118 0.796569 0.014706 0.02451 
4 0.776961 0.743873 0.014706 0.026961 
