4 0.870518 0.669154 0.155378 0.20398 
4 0.794821 0.447761 0.115538 0.139303 
4 0.858566 0.320896 0.067729 0.074627 
4 0.699203 0.318408 0.067729 0.079602 
4 0.802789 0.236318 0.059761 0.064677 
4 0.573705 0.266169 0.087649 0.18408 
4 0.260956 0.069652 0.043825 0.049751 
4 0.223108 0.161692 0.055777 0.064677 
4 0.183267 0.251244 0.047809 0.054726 
4 0.298805 0.186567 0.103586 0.114428 
4 0.665339 0.097015 0.669323 0.19403 
4 0.047809 0.373134 0.079681 0.109453 
4 0.201195 0.345771 0.043825 0.064677 
4 0.157371 0.462687 0.051793 0.059701 
4 0.211155 0.554726 0.063745 0.074627 
4 0.428287 0.457711 0.36255 0.338308 
4 0.581673 0.736318 0.47012 0.517413 
