4 0.527027 0.515464 0.088803 0.123711 
4 0.53861 0.399485 0.034749 0.046392 
4 0.177606 0.409794 0.03861 0.06701 
4 0.100386 0.206186 0.03861 0.082474 
4 0.009653 0.35567 0.019305 0.030928 
4 0.07722 0.108247 0.03861 0.041237 
4 0.106178 0.03866 0.042471 0.046392 
4 0.025097 0.028351 0.042471 0.046392 
4 0.277992 0.121134 0.023166 0.036082 
4 0.324324 0.195876 0.069498 0.113402 
4 0.372587 0.110825 0.027027 0.036082 
4 0.351351 0.043814 0.023166 0.036082 
4 0.391892 0.036082 0.019305 0.030928 
4 0.482625 0.018041 0.030888 0.036082 
4 0.498069 0.121134 0.03861 0.046392 
4 0.492278 0.244845 0.065637 0.087629 
4 0.583012 0.216495 0.061776 0.072165 
4 0.583012 0.141753 0.03861 0.036082 
4 0.611969 0.018041 0.027027 0.036082 
4 0.53668 0.097938 0.023166 0.030928 
4 0.550193 0.059278 0.019305 0.025773 
4 0.683398 0.092784 0.023166 0.030928 
4 0.696911 0.023196 0.027027 0.036082 
4 0.72973 0.146907 0.030888 0.046392 
4 0.758687 0.206186 0.027027 0.030928 
4 0.698842 0.298969 0.030888 0.030928 
4 0.677606 0.175258 0.042471 0.051546 
4 0.727799 0.347938 0.042471 0.07732 
4 0.766409 0.438144 0.019305 0.030928 
4 0.783784 0.471649 0.023166 0.025773 
4 0.776062 0.283505 0.015444 0.020619 
4 0.793436 0.311856 0.019305 0.025773 
4 0.80888 0.268041 0.019305 0.030928 
4 0.953668 0.350515 0.054054 0.092784 
4 0.876448 0.42268 0.023166 0.020619 
4 0.905405 0.280928 0.019305 0.036082 
4 0.839768 0.048969 0.027027 0.036082 
4 0.820463 0.177835 0.019305 0.025773 
