4 0.183871 0.831288 0.019355 0.055215 
4 0.183871 0.957055 0.032258 0.08589 
4 0.303226 0.972393 0.032258 0.042945 
4 0.333871 0.93865 0.016129 0.04908 
4 0.309677 0.868098 0.103226 0.079755 
4 0.387097 0.91411 0.03871 0.08589 
4 0.446774 0.92638 0.048387 0.07362 
4 0.495161 0.889571 0.029032 0.03681 
4 0.493548 0.96319 0.032258 0.06135 
4 0.574194 0.95092 0.051613 0.09816 
4 0.609677 0.892638 0.032258 0.042945 
4 0.667742 0.773006 0.135484 0.368098 
4 0.774194 0.496933 0.103226 0.220859 
4 0.783871 0.754601 0.103226 0.245399 
4 0.854839 0.601227 0.025806 0.04908 
4 0.13871 0.815951 0.019355 0.03681 
4 0.975806 0.377301 0.022581 0.042945 
4 0.953226 0.644172 0.022581 0.04908 
4 0.954839 0.723926 0.025806 0.03681 
4 0.948387 0.865031 0.019355 0.03681 
4 0.974194 0.98773 0.019355 0.02454 
4 0.908065 0.947853 0.022581 0.042945 
4 0.854839 0.966258 0.025806 0.055215 
4 0.025806 0.055215 0.032258 0.04908 
4 0.006452 0.822086 0.012903 0.04908 
4 0.348387 0.107362 0.393548 0.214724 
4 0.632258 0.055215 0.025806 0.03681 
4 0.73871 0.233129 0.032258 0.04908 
4 0.662903 0.306748 0.022581 0.04908 
4 0.398387 0.555215 0.390323 0.656442 
4 0.101613 0.226994 0.022581 0.04908 
4 0.158065 0.230061 0.025806 0.042945 
4 0.170968 0.251534 0.032258 0.04908 
4 0.124194 0.297546 0.054839 0.079755 
4 0.03871 0.411043 0.03871 0.08589 
4 0.130645 0.42638 0.029032 0.067485 
4 0.185484 0.355828 0.022581 0.06135 
4 0.196774 0.45092 0.019355 0.055215 
4 0.198387 0.53681 0.022581 0.079755 
4 0.159677 0.527607 0.022581 0.03681 
4 0.620968 0.453988 0.054839 0.122699 
4 0.685484 0.460123 0.029032 0.07362 
4 0.675806 0.533742 0.022581 0.06135 
4 0.108065 0.653374 0.022581 0.055215 
4 0.059677 0.745399 0.022581 0.042945 
4 0.119355 0.757669 0.019355 0.030675 
4 0.096774 0.892638 0.019355 0.055215 
4 0.206452 0.736196 0.045161 0.08589 
