4 0.175654 0.432715 0.060458 0.076566 
4 0.210784 0.342227 0.04902 0.076566 
4 0.271242 0.329466 0.045752 0.078886 
4 0.28268 0.270302 0.045752 0.095128 
4 0.479575 0.613689 0.050654 0.090487 
4 0.515523 0.477958 0.047386 0.074246 
4 0.458333 0.636891 0.04085 0.067285 
4 0.527778 0.573086 0.052288 0.078886 
4 0.474673 0.556845 0.070261 0.088167 
4 0.410131 0.603248 0.055556 0.092807 
4 0.41585 0.531323 0.050654 0.097448 
4 0.357843 0.50232 0.055556 0.062645 
4 0.343954 0.459397 0.053922 0.064965 
4 0.303105 0.462877 0.04085 0.067285 
4 0.254902 0.50348 0.045752 0.064965 
4 0.23366 0.422274 0.045752 0.088167 
4 0.285948 0.433875 0.045752 0.092807 
4 0.209967 0.460557 0.047386 0.071926 
