4 0.876634 0.324691 0.021242 0.041975 
4 0.580065 0.135802 0.022876 0.034568 
4 0.519608 0.228395 0.01634 0.022222 
4 0.370098 0.27284 0.014706 0.02716 
4 0.493464 0.319753 0.019608 0.037037 
4 0.547386 0.320988 0.01634 0.024691 
4 0.531863 0.346914 0.021242 0.032099 
4 0.469771 0.416049 0.014706 0.02716 
4 0.397059 0.502469 0.045752 0.066667 
4 0.339869 0.52963 0.022876 0.032099 
4 0.245098 0.530864 0.035948 0.044444 
4 0.309641 0.661728 0.027778 0.039506 
4 0.406046 0.619753 0.021242 0.044444 
4 0.470588 0.509877 0.019608 0.032099 
4 0.510621 0.653086 0.027778 0.051852 
4 0.56781 0.52716 0.021242 0.032099 
4 0.618464 0.57037 0.027778 0.088889 
4 0.595588 0.654321 0.02451 0.044444 
4 0.699346 0.560494 0.026144 0.049383 
4 0.642157 0.414815 0.03268 0.044444 
4 0.70915 0.404938 0.039216 0.049383 
4 0.821895 0.549383 0.03268 0.05679 
4 0.495098 0.801235 0.03268 0.066667 
4 0.660131 0.841975 0.022876 0.049383 
4 0.658497 0.953086 0.052288 0.093827 
