4 0.044118 0.646552 0.035948 0.05665 
4 0.146242 0.495074 0.044118 0.083744 
4 0.017157 0.118227 0.034314 0.068966 
4 0.13317 0.176108 0.04085 0.061576 
4 0.29085 0.362069 0.03268 0.054187 
4 0.324346 0.634236 0.031046 0.041872 
4 0.373366 0.610837 0.034314 0.054187 
4 0.35866 0.523399 0.044118 0.081281 
4 0.598856 0.593596 0.034314 0.049261 
4 0.669935 0.62069 0.035948 0.054187 
4 0.739379 0.656404 0.037582 0.051724 
4 0.826797 0.552956 0.035948 0.046798 
4 0.95098 0.599754 0.035948 0.046798 
4 0.75 0.051724 0.055556 0.083744 
4 0.638072 0.112069 0.044118 0.061576 
4 0.574346 0.336207 0.04085 0.061576 
4 0.522876 0.320197 0.039216 0.059113 
4 0.451797 0.37069 0.04085 0.066502 
4 0.908497 0.512315 0.03268 0.044335 
4 0.551471 0.480296 0.031046 0.054187 
4 0.85049 0.965517 0.037582 0.059113 
4 0.252451 0.975369 0.034314 0.049261 
4 0.410948 0.85468 0.037582 0.059113 
4 0.220588 0.811576 0.042484 0.071429 
