4 0.183636 0.295082 0.083636 0.098361 
4 0.134545 0.469945 0.043636 0.065574 
4 0.209091 0.642077 0.054545 0.081967 
4 0.24 0.560109 0.043636 0.060109 
4 0.396364 0.68306 0.036364 0.054645 
4 0.327273 0.423497 0.109091 0.15847 
4 0.490909 0.308743 0.065455 0.103825 
4 0.585455 0.229508 0.058182 0.098361 
4 0.636364 0.508197 0.036364 0.054645 
4 0.681818 0.579235 0.047273 0.065574 
4 0.523636 0.448087 0.050909 0.098361 
4 0.478182 0.546448 0.032727 0.043716 
4 0.856364 0.221311 0.105455 0.114754 
4 0.849091 0.346995 0.04 0.081967 
