4 0.089091 0.147541 0.047273 0.076503 
4 0.043636 0.289617 0.050909 0.087432 
4 0.174545 0.155738 0.072727 0.114754 
4 0.272727 0.204918 0.043636 0.071038 
4 0.069091 0.448087 0.029091 0.043716 
4 0.038182 0.491803 0.025455 0.043716 
4 0.169091 0.428962 0.04 0.060109 
4 0.269091 0.521858 0.065455 0.234973 
4 0.116364 0.606557 0.072727 0.065574 
4 0.192727 0.614754 0.036364 0.071038 
4 0.267273 0.680328 0.032727 0.060109 
4 0.081818 0.814208 0.061818 0.185792 
4 0.176364 0.803279 0.054545 0.098361 
4 0.158182 0.907104 0.069091 0.10929 
4 0.027273 0.923497 0.025455 0.043716 
4 0.081818 0.956284 0.025455 0.043716 
4 0.045455 0.97541 0.047273 0.04918 
4 0.234545 0.836066 0.025455 0.043716 
4 0.198182 0.920765 0.018182 0.038251 
4 0.267273 0.937158 0.018182 0.038251 
4 0.209091 0.986339 0.025455 0.016393 
4 0.318182 0.912568 0.025455 0.043716 
4 0.307273 0.980874 0.04 0.027322 
4 0.370909 0.983607 0.036364 0.032787 
4 0.356364 0.773224 0.021818 0.04918 
4 0.338182 0.669399 0.021818 0.038251 
4 0.403636 0.650273 0.021818 0.032787 
4 0.474545 0.576503 0.04 0.114754 
4 0.465455 0.762295 0.021818 0.038251 
4 0.478182 0.833333 0.018182 0.038251 
4 0.501818 0.680328 0.021818 0.038251 
4 0.609091 0.614754 0.018182 0.038251 
4 0.543636 0.961749 0.047273 0.076503 
4 0.594545 0.986339 0.018182 0.016393 
4 0.747273 0.942623 0.018182 0.027322 
4 0.741818 0.849727 0.014545 0.027322 
4 0.816364 0.833333 0.105455 0.103825 
4 0.783636 0.956284 0.047273 0.087432 
4 0.887273 0.909836 0.072727 0.103825 
4 0.921818 0.825137 0.018182 0.032787 
4 0.910909 0.855191 0.018182 0.027322 
4 0.978182 0.863388 0.036364 0.098361 
4 0.987273 0.748634 0.018182 0.065574 
4 0.92 0.693989 0.021818 0.043716 
4 0.947273 0.696721 0.018182 0.038251 
4 0.947273 0.587432 0.025455 0.038251 
4 0.849091 0.715847 0.018182 0.032787 
4 0.745455 0.579235 0.036364 0.054645 
4 0.792727 0.486339 0.043636 0.065574 
4 0.854545 0.546448 0.050909 0.076503 
4 0.901818 0.431694 0.065455 0.098361 
4 0.596364 0.489071 0.08 0.092896 
4 0.507273 0.445355 0.061818 0.071038 
4 0.343636 0.418033 0.04 0.060109 
4 0.58 0.270492 0.054545 0.092896 
4 0.665455 0.240437 0.065455 0.098361 
4 0.776364 0.224044 0.047273 0.076503 
4 0.387273 0.150273 0.076364 0.169399 
4 0.487273 0.10929 0.043636 0.065574 
4 0.910909 0.027322 0.054545 0.054645 
4 0.869091 0.26776 0.050909 0.076503 
