4 0.074346 0.696231 0.017974 0.026608 
4 0.156863 0.281596 0.013072 0.017738 
4 0.168301 0.473392 0.01634 0.019956 
4 0.109477 0.470067 0.013072 0.013304 
4 0.120098 0.614191 0.014706 0.017738 
4 0.154412 0.689579 0.02451 0.031042 
4 0.066176 0.827051 0.047386 0.088692 
4 0.227941 0.013304 0.021242 0.026608 
4 0.422386 0.478936 0.246732 0.385809 
4 0.60049 0.259424 0.073529 0.093126 
4 0.563725 0.424612 0.013072 0.019956 
4 0.679739 0.37694 0.01634 0.013304 
4 0.652778 0.528825 0.017974 0.028825 
4 0.759804 0.327051 0.013072 0.02439 
4 0.796569 0.399113 0.02451 0.035477 
4 0.810458 0.431264 0.013072 0.02439 
4 0.870098 0.466741 0.021242 0.028825 
4 0.904412 0.501109 0.021242 0.026608 
4 0.973856 0.59867 0.022876 0.026608 
4 0.991013 0.68847 0.014706 0.028825 
4 0.848856 0.668514 0.021242 0.033259 
4 0.710784 0.698448 0.019608 0.031042 
4 0.845588 0.872506 0.027778 0.033259 
4 0.45098 0.732816 0.013072 0.019956 
4 0.21732 0.560976 0.01634 0.022173 
4 0.244281 0.508869 0.021242 0.019956 
4 0.160131 0.432373 0.013072 0.017738 
