4 0.560219 0.125 0.164234 0.25 
4 0.722628 0.255435 0.160584 0.228261 
4 0.715328 0.521739 0.160584 0.228261 
4 0.485401 0.380435 0.160584 0.25 
4 0.565693 0.633152 0.138686 0.211957 
4 0.594891 0.478261 0.124088 0.195652 
4 0.481752 0.888587 0.138686 0.211957 
4 0.341241 0.875 0.127737 0.195652 
4 0.211679 0.817935 0.153285 0.211957 
4 0.30292 0.665761 0.124088 0.190217 
4 0.434307 0.622283 0.109489 0.168478 
4 0.145985 0.627717 0.167883 0.211957 
4 0.167883 0.369565 0.218978 0.293478 
4 0.335766 0.464674 0.145985 0.201087 
4 0.240876 0.548913 0.094891 0.130435 
4 0.324818 0.192935 0.167883 0.277174 
4 0.452555 0.222826 0.116788 0.217391 
4 0.571168 0.296196 0.142336 0.201087 
