4 0.169935 0.918919 0.068627 0.113022 
4 0.043301 0.703931 0.050654 0.066339 
4 0.598856 0.175676 0.063725 0.095823 
4 0.660948 0.185504 0.066993 0.100737 
4 0.624183 0.264128 0.055556 0.090909 
4 0.506536 0.318182 0.078431 0.130221 
4 0.494281 0.40172 0.076797 0.105651 
4 0.56781 0.404177 0.093137 0.130221 
4 0.339869 0.285012 0.04902 0.078624 
4 0.386438 0.309582 0.053922 0.078624 
4 0.35866 0.359951 0.047386 0.071253 
4 0.199346 0.455774 0.058824 0.090909 
4 0.227124 0.513514 0.075163 0.103194 
4 0.146242 0.525799 0.04085 0.063882 
4 0.174837 0.561425 0.035948 0.046683 
4 0.158497 0.58231 0.029412 0.044226 
4 0.218137 0.657248 0.125817 0.199017 
4 0.017157 0.660934 0.034314 0.07371 
4 0.290033 0.785012 0.135621 0.179361 
4 0.229575 0.839066 0.116013 0.164619 
4 0.066176 0.932432 0.132353 0.130221 
4 0.10866 0.845209 0.076797 0.09828 
