4 0.123 0.362819 0.01 0.014993 
4 0.418 0.467016 0.046 0.07946 
4 0.367 0.529985 0.058 0.082459 
4 0.3225 0.398051 0.143 0.187406 
4 0.0225 0.828336 0.009 0.013493 
4 0.0265 0.855322 0.009 0.010495 
4 0.0485 0.872564 0.009 0.011994 
4 0.02 0.897301 0.008 0.010495 
4 0.039 0.904048 0.006 0.005997 
4 0.003 0.947526 0.006 0.023988 
4 0.0105 0.958021 0.009 0.011994 
4 0.0275 0.941529 0.007 0.011994 
4 0.0305 0.95952 0.007 0.011994 
4 0.071 0.886807 0.01 0.016492 
4 0.0775 0.91979 0.007 0.010495 
4 0.065 0.932534 0.008 0.008996 
4 0.05 0.96027 0.006 0.010495 
4 0.0685 0.967016 0.007 0.011994 
4 0.0745 0.995502 0.007 0.008996 
4 0.1065 0.991004 0.007 0.011994 
4 0.1115 0.952774 0.015 0.010495 
4 0.135 0.965517 0.006 0.008996 
4 0.1405 0.933283 0.007 0.013493 
4 0.172 0.922039 0.006 0.011994 
4 0.1095 0.907796 0.009 0.010495 
4 0.104 0.892054 0.006 0.008996 
4 0.0925 0.868816 0.009 0.010495 
4 0.11 0.881559 0.008 0.008996 
4 0.139 0.894303 0.006 0.010495 
4 0.157 0.875562 0.006 0.008996 
4 0.118 0.862819 0.008 0.010495 
4 0.112 0.841079 0.006 0.011994 
4 0.135 0.837331 0.006 0.010495 
4 0.145 0.843328 0.008 0.010495 
4 0.165 0.829085 0.01 0.011994 
4 0.099 0.778111 0.008 0.011994 
4 0.1195 0.793103 0.009 0.011994 
4 0.1335 0.797601 0.009 0.011994 
4 0.1105 0.750375 0.011 0.013493 
4 0.124 0.75937 0.01 0.013493 
4 0.139 0.766117 0.01 0.011994 
4 0.119 0.712144 0.008 0.011994 
4 0.014 0.727886 0.008 0.013493 
4 0.031 0.696402 0.01 0.013493 
4 0.0415 0.672414 0.011 0.016492 
4 0.059 0.66042 0.008 0.013493 
4 0.0985 0.668666 0.009 0.011994 
4 0.112 0.672414 0.006 0.010495 
4 0.0885 0.692654 0.011 0.011994 
4 0.0635 0.706897 0.013 0.016492 
4 0.0755 0.72039 0.009 0.013493 
4 0.0845 0.727136 0.007 0.011994 
4 0.074 0.736882 0.008 0.010495 
4 0.0615 0.735382 0.009 0.010495 
4 0.1275 0.658171 0.009 0.014993 
4 0.1395 0.649925 0.009 0.013493 
4 0.1795 0.674663 0.009 0.014993 
4 0.1685 0.692654 0.007 0.008996 
4 0.1605 0.717391 0.007 0.013493 
4 0.186 0.703898 0.008 0.013493 
4 0.1985 0.716642 0.009 0.011994 
4 0.1725 0.745127 0.009 0.014993 
4 0.1895 0.757121 0.009 0.011994 
4 0.182 0.781859 0.008 0.010495 
4 0.1015 0.595952 0.011 0.013493 
4 0.1255 0.607196 0.009 0.014993 
4 0.14 0.622939 0.01 0.013493 
4 0.161 0.627436 0.01 0.013493 
4 0.171 0.583208 0.008 0.014993 
4 0.1875 0.564468 0.007 0.010495 
4 0.1925 0.621439 0.011 0.01949 
4 0.2095 0.616942 0.009 0.010495 
4 0.222 0.609445 0.008 0.016492 
4 0.2045 0.577211 0.011 0.011994 
4 0.2095 0.555472 0.009 0.010495 
4 0.2185 0.569715 0.009 0.011994 
4 0.236 0.570465 0.008 0.010495 
4 0.118 0.484258 0.008 0.011994 
4 0.203 0.487256 0.008 0.017991 
4 0.2095 0.514243 0.009 0.014993 
4 0.207 0.532234 0.012 0.014993 
4 0.2415 0.523988 0.009 0.013493 
4 0.2385 0.482759 0.017 0.02099 
4 0.242 0.458771 0.008 0.011994 
4 0.2665 0.533733 0.007 0.011994 
4 0.2745 0.496252 0.009 0.014993 
4 0.2995 0.495502 0.011 0.01949 
4 0.247 0.556972 0.008 0.013493 
4 0.257 0.553223 0.008 0.011994 
4 0.2705 0.589955 0.013 0.016492 
4 0.288 0.568966 0.012 0.01949 
4 0.2165 0.745877 0.009 0.013493 
4 0.2125 0.833583 0.009 0.014993 
4 0.2595 0.873313 0.007 0.010495 
4 0.3015 0.857571 0.007 0.014993 
4 0.3155 0.826087 0.009 0.011994 
4 0.353 0.852324 0.016 0.022489 
4 0.358 0.871814 0.012 0.016492 
4 0.378 0.909295 0.008 0.022489 
4 0.4255 0.817091 0.009 0.017991 
4 0.444 0.806597 0.008 0.011994 
4 0.457 0.817091 0.02 0.026987 
4 0.4805 0.84033 0.009 0.016492 
4 0.4775 0.907046 0.015 0.029985 
4 0.4595 0.933283 0.009 0.010495 
4 0.516 0.908546 0.008 0.011994 
4 0.531 0.924288 0.006 0.007496 
4 0.5595 0.952024 0.007 0.014993 
4 0.499 0.968516 0.012 0.02099 
4 0.4625 0.983508 0.007 0.011994 
4 0.5425 0.969265 0.007 0.010495 
4 0.524 0.992504 0.008 0.011994 
4 0.6715 0.916042 0.045 0.074963 
4 0.5945 0.72039 0.007 0.010495 
4 0.558 0.736882 0.006 0.010495 
4 0.5745 0.784108 0.007 0.011994 
4 0.537 0.796852 0.008 0.010495 
4 0.542 0.809595 0.008 0.011994 
4 0.56 0.807346 0.008 0.010495 
4 0.589 0.823838 0.01 0.013493 
4 0.647 0.781859 0.014 0.01949 
4 0.6255 0.856822 0.007 0.010495 
4 0.642 0.866567 0.008 0.011994 
4 0.636 0.890555 0.008 0.008996 
4 0.5955 0.868816 0.007 0.022489 
4 0.594 0.917541 0.006 0.008996 
4 0.6 0.967766 0.006 0.007496 
4 0.586 0.986507 0.008 0.008996 
4 0.6185 0.976762 0.007 0.010495 
4 0.6605 0.982759 0.015 0.031484 
4 0.6965 0.970765 0.007 0.013493 
4 0.747 0.925037 0.008 0.011994 
4 0.762 0.793853 0.008 0.010495 
4 0.8065 0.813343 0.011 0.025487 
4 0.79 0.836582 0.01 0.011994 
4 0.8025 0.86057 0.011 0.029985 
4 0.853 0.795352 0.012 0.016492 
4 0.8665 0.808096 0.007 0.011994 
4 0.8445 0.921289 0.007 0.010495 
4 0.864 0.935532 0.006 0.008996 
4 0.8635 0.970015 0.007 0.008996 
4 0.901 0.885307 0.008 0.007496 
4 0.908 0.933283 0.014 0.016492 
4 0.977 0.91904 0.016 0.029985 
4 0.9515 0.951274 0.009 0.013493 
4 0.9565 0.988756 0.007 0.013493 
4 0.9735 0.962519 0.011 0.017991 
4 0.9165 0.83958 0.009 0.014993 
4 0.9605 0.737631 0.013 0.023988 
4 0.9825 0.826837 0.007 0.010495 
4 0.863 0.688906 0.02 0.022489 
4 0.8425 0.712894 0.013 0.031484 
4 0.82 0.713643 0.008 0.014993 
4 0.7435 0.709145 0.037 0.026987 
4 0.7725 0.694903 0.007 0.013493 
4 0.7935 0.664918 0.011 0.013493 
4 0.815 0.637931 0.01 0.010495 
4 0.859 0.630435 0.016 0.022489 
4 0.8295 0.571964 0.011 0.013493 
4 0.803 0.553973 0.012 0.013493 
4 0.831 0.593703 0.008 0.014993 
4 0.882 0.583958 0.012 0.016492 
4 0.8755 0.601199 0.009 0.014993 
4 0.933 0.589955 0.016 0.031484 
4 0.915 0.636432 0.008 0.010495 
4 0.9565 0.628936 0.013 0.025487 
4 0.9715 0.595202 0.009 0.014993 
4 0.9875 0.642429 0.009 0.013493 
4 0.997 0.524738 0.006 0.02099 
4 0.9965 0.58096 0.005 0.016492 
4 0.745 0.374813 0.02 0.029985 
4 0.812 0.384558 0.018 0.028486 
4 0.8905 0.282609 0.019 0.025487 
4 0.907 0.327586 0.016 0.028486 
4 0.967 0.334333 0.01 0.014993 
4 0.979 0.184408 0.02 0.026987 
4 0.8265 0.202399 0.021 0.035982 
4 0.8765 0.143178 0.025 0.031484 
4 0.805 0.131184 0.006 0.007496 
4 0.7635 0.101199 0.027 0.037481 
4 0.734 0.106447 0.018 0.029985 
4 0.712 0.130435 0.016 0.035982 
4 0.6825 0.167166 0.023 0.031484 
4 0.6435 0.048726 0.015 0.031484 
4 0.602 0.038981 0.028 0.035982 
4 0.5445 0.011244 0.015 0.022489 
4 0.533 0.035982 0.022 0.041979 
4 0.533 0.089205 0.016 0.025487 
4 0.4975 0.023238 0.015 0.01949 
4 0.4895 0.006747 0.015 0.013493 
4 0.486 0.047226 0.012 0.022489 
4 0.493 0.087706 0.024 0.046477 
4 0.4685 0.107946 0.025 0.023988 
4 0.488 0.134183 0.016 0.022489 
4 0.3995 0.063718 0.013 0.01949 
4 0.438 0.132684 0.024 0.043478 
4 0.48 0.190405 0.022 0.047976 
4 0.54 0.197151 0.026 0.061469 
4 0.511 0.215892 0.018 0.023988 
4 0.527 0.241379 0.026 0.023988 
4 0.5295 0.272114 0.013 0.025487 
4 0.553 0.264618 0.016 0.01949 
4 0.4985 0.247376 0.013 0.017991 
4 0.5005 0.291604 0.019 0.037481 
4 0.519 0.323088 0.012 0.022489 
4 0.4405 0.263868 0.067 0.137931 
4 0.383 0.25937 0.014 0.02099 
4 0.463 0.686657 0.01 0.014993 
4 0.436 0.717391 0.016 0.031484 
4 0.4095 0.733883 0.031 0.028486 
4 0.3545 0.686657 0.013 0.023988 
4 0.3605 0.62069 0.011 0.011994 
4 0.323 0.606447 0.01 0.013493 
4 0.305 0.661169 0.01 0.017991 
4 0.3105 0.67991 0.007 0.010495 
4 0.2275 0.657421 0.007 0.010495 
4 0.252 0.643178 0.008 0.011994 
4 0.2635 0.609445 0.007 0.010495 
4 0.27 0.627436 0.006 0.010495 
4 0.0425 0.493253 0.009 0.017991 
4 0.007 0.493253 0.012 0.014993 
4 0.023 0.517241 0.01 0.02099 
4 0.011 0.438531 0.01 0.013493 
4 0.078 0.43928 0.008 0.014993 
4 0.065 0.386807 0.012 0.023988 
4 0.046 0.387556 0.012 0.013493 
4 0.052 0.348576 0.022 0.037481 
4 0.0825 0.332084 0.039 0.082459 
4 0.0135 0.283358 0.027 0.077961 
4 0.0025 0.194903 0.005 0.014993 
4 0.022 0.210645 0.012 0.01949 
4 0.0475 0.226387 0.013 0.02099 
4 0.083 0.224888 0.022 0.026987 
4 0.088 0.177661 0.012 0.022489 
4 0.108 0.273613 0.01 0.013493 
4 0.122 0.252624 0.01 0.016492 
4 0.158 0.227136 0.012 0.022489 
4 0.1325 0.326087 0.011 0.013493 
4 0.1495 0.314843 0.017 0.023988 
4 0.1515 0.36057 0.019 0.046477 
4 0.1635 0.426537 0.009 0.016492 
4 0.174 0.362819 0.01 0.02099 
4 0.182 0.328336 0.01 0.02099 
4 0.199 0.353823 0.01 0.017991 
4 0.219 0.332084 0.014 0.016492 
4 0.225 0.364318 0.012 0.011994 
4 0.2425 0.35982 0.011 0.014993 
4 0.215 0.413793 0.042 0.050975 
4 0.2475 0.441529 0.011 0.016492 
4 0.1945 0.272114 0.015 0.034483 
4 0.2105 0.225637 0.011 0.022489 
4 0.228 0.278111 0.024 0.052474 
4 0.251 0.298351 0.014 0.038981 
4 0.2825 0.288606 0.021 0.031484 
4 0.269 0.225637 0.034 0.031484 
4 0.3165 0.256372 0.009 0.014993 
4 0.34 0.223388 0.012 0.02099 
4 0.2955 0.165667 0.011 0.01949 
4 0.313 0.185157 0.012 0.01949 
4 0.3275 0.167166 0.013 0.022489 
4 0.3295 0.134933 0.013 0.02099 
4 0.2505 0.095202 0.013 0.01949 
4 0.1665 0.113193 0.019 0.01949 
4 0.2105 0.143178 0.055 0.031484 
4 0.2035 0.177661 0.009 0.016492 
4 0.1565 0.192654 0.011 0.022489 
4 0.248 0.053223 0.014 0.025487 
4 0.3125 0.023988 0.011 0.023988 
4 0.352 0.004498 0.012 0.008996 
4 0.8405 0.017241 0.019 0.034483 
4 0.976 0.421289 0.01 0.014993 
4 0.5425 0.465517 0.019 0.034483 
4 0.4055 0.386057 0.021 0.088456 
4 0.4355 0.371814 0.013 0.02099 
4 0.4615 0.38006 0.013 0.025487 
4 0.4915 0.389055 0.009 0.01949 
4 0.494 0.433283 0.012 0.023988 
4 0.509 0.464768 0.016 0.023988 
4 0.4715 0.493253 0.015 0.017991 
4 0.433 0.535232 0.012 0.02099 
4 0.4095 0.586207 0.011 0.02099 
