4 0.506536 0.564198 0.019608 0.032099 
4 0.66585 0.238272 0.158497 0.17037 
4 0.482843 0.267901 0.011438 0.02716 
4 0.534314 0.337037 0.013072 0.02716 
4 0.589869 0.44321 0.163399 0.106173 
4 0.530229 0.611111 0.017974 0.032099 
4 0.652778 0.666667 0.021242 0.02963 
4 0.607026 0.716049 0.017974 0.02963 
4 0.556373 0.776543 0.017974 0.02716 
4 0.60866 0.803704 0.014706 0.02716 
4 0.538399 0.879012 0.017974 0.039506 
4 0.417484 0.765432 0.017974 0.02963 
4 0.431373 0.619753 0.013072 0.024691 
4 0.464052 0.65679 0.01634 0.02963 
4 0.263889 0.590123 0.017974 0.02963 
4 0.204248 0.661728 0.013072 0.02963 
4 0.148693 0.781481 0.019608 0.037037 
4 0.235294 0.346914 0.022876 0.041975 
4 0.339052 0.297531 0.02451 0.046914 
