4 0.090909 0.546448 0.021818 0.032787 
4 0.265455 0.863388 0.021818 0.032787 
4 0.503636 0.918033 0.025455 0.054645 
4 0.525455 0.778689 0.047273 0.060109 
4 0.421818 0.800546 0.021818 0.027322 
4 0.392727 0.587432 0.021818 0.038251 
4 0.376364 0.691257 0.025455 0.038251 
4 0.427273 0.677596 0.032727 0.098361 
4 0.543636 0.65847 0.018182 0.038251 
4 0.6 0.603825 0.029091 0.04918 
4 0.870909 0.601093 0.018182 0.032787 
4 0.905455 0.688525 0.021818 0.032787 
4 0.665455 0.453552 0.021818 0.021858 
4 0.536364 0.494536 0.018182 0.027322 
4 0.436364 0.510929 0.014545 0.027322 
4 0.310909 0.428962 0.018182 0.038251 
4 0.278182 0.377049 0.025455 0.032787 
4 0.36 0.303279 0.021818 0.027322 
4 0.405455 0.338798 0.025455 0.032787 
4 0.458182 0.336066 0.021818 0.027322 
4 0.483636 0.311475 0.021818 0.032787 
4 0.512727 0.278689 0.021818 0.032787 
4 0.505455 0.218579 0.029091 0.043716 
4 0.725455 0.289617 0.018182 0.032787 
4 0.694545 0.193989 0.021818 0.027322 
4 0.761818 0.357923 0.018182 0.027322 
4 0.561818 0.445355 0.010909 0.027322 
4 0.852727 0.39071 0.018182 0.027322 
4 0.681818 0.240437 0.018182 0.021858 
4 0.550909 0.114754 0.025455 0.054645 
