4 0.164228 0.546341 0.328455 0.468293 
4 0.945528 0.165854 0.060163 0.073171 
4 0.930894 0.341463 0.076423 0.073171 
4 0.89187 0.312195 0.066667 0.063415 
4 0.956911 0.490244 0.076423 0.073171 
4 0.963415 0.585366 0.060163 0.078049 
4 0.889431 0.665854 0.061789 0.068293 
4 0.939837 0.82561 0.084553 0.119512 
4 0.754472 0.789024 0.068293 0.07561 
4 0.621138 0.784146 0.052033 0.065854 
4 0.788618 0.676829 0.065041 0.060976 
4 0.782114 0.539024 0.068293 0.068293 
4 0.75935 0.619512 0.04878 0.068293 
4 0.701626 0.647561 0.056911 0.070732 
4 0.603252 0.658537 0.065041 0.092683 
4 0.647154 0.579268 0.068293 0.065854 
4 0.708943 0.556098 0.058537 0.092683 
4 0.843902 0.445122 0.058537 0.065854 
4 0.718699 0.347561 0.078049 0.090244 
4 0.795122 0.303659 0.065041 0.090244 
4 0.70813 0.247561 0.115447 0.109756 
4 0.762602 0.40122 0.061789 0.065854 
4 0.776423 0.45122 0.076423 0.063415 
4 0.205691 0.259756 0.050407 0.056098 
4 0.485366 0.468293 0.356098 0.512195 
4 0.676423 0.417073 0.055285 0.068293 
