4 0.363562 0.804673 0.017974 0.031776 
4 0.520425 0.162617 0.285948 0.325234 
4 0.241013 0.273832 0.02451 0.039252 
4 0.323529 0.288785 0.019608 0.039252 
4 0.033497 0.139252 0.037582 0.035514 
4 0.106209 0.44486 0.212418 0.130841 
4 0.554739 0.484112 0.462418 0.145794 
4 0.912582 0.185981 0.155229 0.158879 
4 0.974673 0.831776 0.050654 0.115888 
4 0.873366 0.973832 0.04085 0.037383 
4 0.517157 0.743925 0.031046 0.052336 
4 0.547386 0.823364 0.019608 0.050467 
4 0.665033 0.908411 0.039216 0.04486 
4 0.180556 0.94486 0.034314 0.057944 
