4 0.32 0.822404 0.021818 0.038251 
4 0.678182 0.084699 0.047273 0.081967 
4 0.585455 0.144809 0.021818 0.038251 
4 0.414545 0.032787 0.043636 0.065574 
4 0.472727 0.202186 0.050909 0.098361 
4 0.4 0.275956 0.029091 0.04918 
4 0.505455 0.363388 0.036364 0.060109 
4 0.432727 0.374317 0.021818 0.038251 
4 0.705455 0.349727 0.043636 0.065574 
4 0.738182 0.491803 0.021818 0.032787 
4 0.610909 0.486339 0.123636 0.229508 
4 0.630909 0.669399 0.018182 0.038251 
4 0.514545 0.491803 0.032727 0.054645 
4 0.410909 0.494536 0.036364 0.060109 
4 0.430909 0.568306 0.032727 0.054645 
4 0.512727 0.644809 0.021818 0.032787 
4 0.807273 0.584699 0.087273 0.131148 
4 0.869091 0.459016 0.021818 0.032787 
4 0.82 0.5 0.018182 0.027322 
4 0.845455 0.713115 0.047273 0.114754 
4 0.807273 0.775956 0.043636 0.087432 
4 0.725455 0.704918 0.054545 0.065574 
4 0.718182 0.778689 0.018182 0.027322 
4 0.552727 0.786885 0.08 0.174863 
4 0.636364 0.740437 0.021818 0.038251 
4 0.490909 0.896175 0.043636 0.054645 
4 0.58 0.97541 0.018182 0.038251 
4 0.745455 0.961749 0.036364 0.054645 
4 0.785455 0.852459 0.014545 0.021858 
4 0.836364 0.904372 0.036364 0.04918 
4 0.330909 0.918033 0.058182 0.098361 
4 0.287273 0.770492 0.036364 0.065574 
4 0.36 0.70765 0.021818 0.038251 
4 0.250909 0.685792 0.036364 0.060109 
4 0.225455 0.800546 0.029091 0.04918 
4 0.172727 0.825137 0.04 0.065574 
4 0.129091 0.885246 0.032727 0.065574 
4 0.081818 0.871585 0.025455 0.038251 
4 0.02 0.907104 0.032727 0.054645 
4 0.067273 0.715847 0.025455 0.043716 
4 0.072727 0.773224 0.029091 0.04918 
4 0.16 0.628415 0.029091 0.043716 
4 0.167273 0.445355 0.043636 0.071038 
4 0.032727 0.256831 0.050909 0.10929 
4 0.02 0.382514 0.025455 0.043716 
4 0.103636 0.240437 0.054545 0.076503 
4 0.183636 0.019126 0.04 0.038251 
4 0.276364 0.538251 0.036364 0.060109 
4 0.343636 0.486339 0.04 0.076503 
4 0.849091 0.213115 0.04 0.065574 
4 0.876364 0.281421 0.036364 0.060109 
4 0.803636 0.314208 0.021818 0.038251 
4 0.978182 0.412568 0.036364 0.060109 
4 0.987273 0.494536 0.025455 0.060109 
4 0.976364 0.125683 0.04 0.076503 
4 0.927273 0.846995 0.043636 0.065574 
4 0.98 0.827869 0.032727 0.060109 
