4 0.050654 0.572864 0.013072 0.025126 
4 0.736928 0.684673 0.019608 0.037688 
4 0.687092 0.669598 0.014706 0.027638 
4 0.655229 0.909548 0.01634 0.035176 
4 0.636438 0.776382 0.027778 0.060302 
4 0.603758 0.64196 0.04085 0.10804 
4 0.651144 0.488693 0.011438 0.022613 
4 0.683007 0.399497 0.01634 0.035176 
4 0.482026 0.212312 0.084967 0.178392 
4 0.556373 0.302764 0.011438 0.022613 
4 0.526961 0.452261 0.017974 0.035176 
4 0.496732 0.467337 0.013072 0.025126 
4 0.455882 0.378141 0.013072 0.022613 
4 0.430556 0.422111 0.014706 0.045226 
4 0.396242 0.418342 0.011438 0.022613 
4 0.372549 0.560302 0.01634 0.035176 
4 0.337418 0.535176 0.011438 0.025126 
4 0.293301 0.471106 0.031046 0.047739 
4 0.262255 0.58794 0.011438 0.025126 
4 0.087418 0.697236 0.014706 0.027638 
4 0.110294 0.701005 0.014706 0.025126 
4 0.093954 0.528894 0.02451 0.027638 
4 0.118464 0.575377 0.017974 0.060302 
4 0.138072 0.476131 0.011438 0.022613 
4 0.218954 0.371859 0.013072 0.025126 
4 0.227124 0.407035 0.013072 0.025126 
4 0.277778 0.385678 0.009804 0.022613 
4 0.388889 0.25 0.019608 0.062814 
4 0.33415 0.258794 0.021242 0.060302 
4 0.242647 0.189698 0.017974 0.032663 
4 0.011438 0.893216 0.01634 0.027638 
4 0.169935 0.958543 0.009804 0.022613 
