4 0.519608 0.866412 0.022876 0.033079 
4 0.474673 0.886768 0.021242 0.02799 
4 0.448529 0.826972 0.021242 0.040712 
4 0.419935 0.889313 0.019608 0.038168 
4 0.389706 0.847328 0.027778 0.035623 
4 0.341503 0.956743 0.01634 0.040712 
4 0.324346 0.779898 0.037582 0.073791 
4 0.245915 0.87659 0.02451 0.043257 
4 0.196078 0.807888 0.026144 0.053435 
4 0.134804 0.791349 0.014706 0.030534 
4 0.153595 0.670483 0.019608 0.048346 
4 0.265523 0.675573 0.031046 0.053435 
4 0.310458 0.638677 0.026144 0.035623 
4 0.321895 0.491094 0.04902 0.05598 
4 0.345588 0.402036 0.037582 0.061069 
4 0.374183 0.290076 0.022876 0.035623 
4 0.632353 0.185751 0.03268 0.040712 
4 0.39134 0.136132 0.05719 0.07888 
4 0.183007 0.076336 0.022876 0.035623 
4 0.143791 0.019084 0.022876 0.038168 
4 0.058007 0.071247 0.044118 0.071247 
4 0.642974 0.919847 0.017974 0.033079 
4 0.620915 0.727735 0.019608 0.035623 
4 0.564542 0.80916 0.021242 0.030534 
4 0.553922 0.918575 0.019608 0.035623 
4 0.580882 0.603053 0.021242 0.035623 
4 0.545752 0.564885 0.026144 0.050891 
4 0.696895 0.71374 0.02451 0.022901 
4 0.749183 0.762087 0.053922 0.083969 
4 0.706699 0.636132 0.050654 0.086514 
4 0.918301 0.802799 0.160131 0.384224 
4 0.946895 0.48855 0.02451 0.050891 
4 0.917484 0.510178 0.021242 0.033079 
4 0.910948 0.536896 0.02451 0.040712 
4 0.870098 0.541985 0.021242 0.040712 
4 0.799837 0.475827 0.02451 0.076336 
4 0.882353 0.402036 0.019608 0.045802 
4 0.843137 0.418575 0.019608 0.033079 
4 0.768791 0.882952 0.017974 0.040712 
4 0.706699 0.913486 0.031046 0.05598 
4 0.630719 0.965649 0.01634 0.033079 
4 0.678105 0.763359 0.026144 0.030534 
4 0.446895 0.613232 0.017974 0.035623 
4 0.486111 0.394402 0.02451 0.050891 
4 0.585784 0.335878 0.02451 0.050891 
4 0.631536 0.405852 0.021242 0.043257 
4 0.60049 0.470738 0.027778 0.045802 
4 0.66585 0.493639 0.02451 0.035623 
4 0.645425 0.57888 0.019608 0.043257 
4 0.578431 0.659033 0.019608 0.035623 
