4 0.531863 0.497549 0.066993 0.078431 
4 0.571895 0.689951 0.04902 0.085784 
4 0.526961 0.595588 0.05719 0.078431 
4 0.479575 0.595588 0.044118 0.078431 
4 0.447712 0.631127 0.04902 0.07598 
4 0.424837 0.709559 0.04902 0.066176 
4 0.30719 0.473039 0.062092 0.073529 
4 0.430556 0.365196 0.053922 0.088235 
4 0.515523 0.411765 0.050654 0.102941 
4 0.446078 0.446078 0.04902 0.078431 
4 0.379902 0.480392 0.047386 0.093137 
4 0.387255 0.550245 0.055556 0.066176 
4 0.329248 0.560049 0.053922 0.071078 
4 0.310458 0.622549 0.052288 0.068627 
4 0.375 0.615196 0.053922 0.063725 
4 0.352941 0.655637 0.04902 0.061275 
4 0.341503 0.730392 0.04902 0.078431 
4 0.380719 0.757353 0.045752 0.088235 
4 0.416667 0.655637 0.045752 0.085784 
4 0.450163 0.768382 0.044118 0.090686 
4 0.477941 0.455882 0.027778 0.063725 
4 0.468137 0.520833 0.037582 0.071078 
4 0.441176 0.53799 0.03268 0.105392 
4 0.481209 0.691176 0.050654 0.083333 
4 0.423203 0.511029 0.042484 0.080882 
