4 0.746732 0.458231 0.03268 0.041769 
4 0.571078 0.412776 0.031046 0.044226 
4 0.58415 0.379607 0.02451 0.041769 
4 0.609477 0.404177 0.03268 0.061425 
4 0.58415 0.460688 0.031046 0.041769 
4 0.586601 0.502457 0.03268 0.036855 
4 0.619281 0.504914 0.029412 0.041769 
4 0.625 0.545455 0.027778 0.039312 
4 0.653595 0.514742 0.029412 0.046683 
4 0.656046 0.55774 0.027778 0.039312 
4 0.68219 0.512285 0.027778 0.041769 
4 0.696895 0.547912 0.027778 0.039312 
4 0.736928 0.529484 0.029412 0.036855 
4 0.736928 0.495086 0.03268 0.041769 
4 0.712418 0.464373 0.03268 0.034398 
4 0.675654 0.323096 0.027778 0.051597 
4 0.697712 0.400491 0.026144 0.04914 
4 0.719771 0.362408 0.02451 0.051597 
4 0.69281 0.351351 0.026144 0.04914 
4 0.665033 0.404177 0.026144 0.071253 
4 0.651144 0.47543 0.031046 0.031941 
4 0.615196 0.457002 0.031046 0.039312 
4 0.640523 0.425061 0.03268 0.063882 
4 0.619281 0.372236 0.029412 0.046683 
4 0.64951 0.361179 0.031046 0.063882 
4 0.685458 0.372236 0.027778 0.046683 
4 0.747549 0.411548 0.031046 0.051597 
4 0.718954 0.437346 0.029412 0.034398 
4 0.718137 0.399263 0.027778 0.051597 
4 0.686275 0.46683 0.022876 0.034398 
