3 0.278906 0.646648 0.226562 0.148045 
3 0.953125 0.75419 0.09375 0.061453 
3 0.882031 0.72905 0.057813 0.044693 
3 0.839844 0.790503 0.089063 0.061453 
3 0.822656 0.712291 0.070312 0.044693 
3 0.685937 0.780726 0.059375 0.041899 
3 0.924219 0.804469 0.076563 0.055866 
3 0.979688 0.812849 0.040625 0.044693 
3 0.545312 0.73324 0.1875 0.097765 
3 0.433594 0.600559 0.176563 0.111732 
3 0.448437 0.460894 0.234375 0.145251 
3 0.557031 0.386872 0.139063 0.114525 
3 0.498437 0.22067 0.171875 0.167598 
3 0.405469 0.329609 0.139063 0.117318 
3 0.353906 0.170391 0.092188 0.111732 
3 0.372656 0.055866 0.132812 0.111732 
3 0.214844 0.083799 0.123438 0.145251 
3 0.210938 0.22905 0.24375 0.217877 
3 0.177344 0.336592 0.139063 0.114525 
3 0.175781 0.449721 0.282813 0.184358 
3 0.738281 0.726257 0.117188 0.072626 
3 0.739844 0.648045 0.117188 0.072626 
3 0.644531 0.678771 0.064062 0.039106 
3 0.653125 0.550279 0.134375 0.111732 
3 0.573438 0.606145 0.08125 0.055866 
