4 0.747917 0.816667 0.029167 0.025926 
3 0.776563 0.252778 0.053125 0.057407 
3 0.841667 0.228704 0.010417 0.016667 
3 0.820312 0.234259 0.011458 0.016667 
3 0.751563 0.303704 0.011458 0.014815 
3 0.742708 0.331481 0.010417 0.014815 
3 0.924479 0.607407 0.042708 0.02963 
4 0.859896 0.823148 0.011458 0.016667 
4 0.776042 0.890741 0.0125 0.014815 
4 0.761979 0.751852 0.032292 0.033333 
4 0.621354 0.825 0.026042 0.027778 
4 0.604688 0.752778 0.036458 0.035185 
4 0.361458 0.562037 0.04375 0.046296 
4 0.269271 0.684259 0.034375 0.035185 
