5 0.462418 0.206173 0.117647 0.180247 
5 0.426471 0.559259 0.852941 0.871605 
5 0.256536 0.690123 0.232026 0.338272 
5 0.417484 0.539506 0.191176 0.328395 
5 0.546569 0.344444 0.178105 0.34321 
5 0.254085 0.423457 0.184641 0.204938 
5 0.705065 0.506173 0.138889 0.246914 
5 0.574346 0.597531 0.142157 0.296296 
5 0.780229 0.625926 0.132353 0.219753 
5 0.621732 0.733333 0.145425 0.237037 
5 0.664216 0.908642 0.165033 0.167901 
5 0.315359 0.925926 0.215686 0.138272 
5 0.103758 0.92963 0.207516 0.140741 
5 0.196895 0.332099 0.158497 0.2 
5 0.339052 0.285185 0.135621 0.195062 
5 0.661765 0.303704 0.120915 0.266667 
5 0.14951 0.566667 0.129085 0.219753 
5 0.422386 0.802469 0.161765 0.271605 
