5 0.319079 0.961988 0.049342 0.076023 
5 0.54852 0.647661 0.044408 0.102339 
5 0.172697 0.30848 0.046053 0.119883 
5 0.324013 0.042398 0.065789 0.084795 
5 0.476151 0.077485 0.067434 0.154971 
5 0.608553 0.057018 0.065789 0.114035 
5 0.376645 0.232456 0.069079 0.201754 
5 0.4375 0.27193 0.055921 0.111111 
5 0.430921 0.421053 0.059211 0.134503 
5 0.36102 0.454678 0.060855 0.143275 
5 0.554276 0.532164 0.052632 0.128655 
5 0.384046 0.630117 0.057566 0.143275 
5 0.385691 0.74269 0.054276 0.099415 
5 0.372533 0.896199 0.044408 0.108187 
5 0.475329 0.915205 0.052632 0.134503 
5 0.449836 0.751462 0.057566 0.146199 
5 0.45477 0.657895 0.047697 0.05848 
5 0.500822 0.630117 0.037829 0.096491 
5 0.57977 0.761696 0.041118 0.108187 
5 0.106908 0.093567 0.075658 0.163743 
5 0.209704 0.067251 0.047697 0.128655 
