5 0.876254 0.955357 0.046823 0.053571 
5 0.501672 0.880952 0.026756 0.059524 
5 0.578595 0.952381 0.053512 0.083333 
5 0.222408 0.880952 0.036789 0.059524 
5 0.329431 0.627976 0.043478 0.10119 
5 0.404682 0.66369 0.020067 0.053571 
5 0.458194 0.720238 0.026756 0.059524 
5 0.508361 0.690476 0.026756 0.047619 
5 0.653846 0.029762 0.023411 0.059524 
5 0.637124 0.089286 0.023411 0.047619 
5 0.628763 0.175595 0.026756 0.053571 
5 0.677258 0.172619 0.023411 0.047619 
5 0.715719 0.58631 0.040134 0.113095 
5 0.73913 0.747024 0.086957 0.113095 
5 0.924749 0.755952 0.043478 0.083333 
5 0.491639 0.491071 0.12709 0.255952 
5 0.401338 0.380952 0.026756 0.071429 
5 0.5301 0.241071 0.023411 0.053571 
5 0.618729 0.354167 0.026756 0.053571 
5 0.591973 0.610119 0.026756 0.053571 
5 0.145485 0.375 0.023411 0.071429 
5 0.187291 0.46131 0.053512 0.053571 
