5 0.176596 0.812264 0.351064 0.367925 
5 0.38617 0.85566 0.051064 0.164151 
5 0.279255 0.59434 0.030851 0.071698 
5 0.328723 0.669811 0.078723 0.154717 
5 0.355319 0.551887 0.029787 0.054717 
5 0.580319 0.750943 0.256383 0.498113 
5 0.884574 0.548113 0.028723 0.054717 
5 0.941489 0.670755 0.029787 0.073585 
5 0.986702 0.683962 0.024468 0.054717 
5 0.926596 0.488679 0.025532 0.064151 
5 0.881383 0.419811 0.060638 0.130189 
5 0.811702 0.463208 0.048936 0.084906 
5 0.393617 0.419811 0.040426 0.050943 
5 0.411702 0.621698 0.070213 0.24717 
5 0.507979 0.341509 0.179787 0.343396 
5 0.617021 0.317925 0.031915 0.054717 
5 0.56383 0.166038 0.034043 0.049057 
5 0.649468 0.401887 0.02234 0.067925 
5 0.619149 0.454717 0.044681 0.064151 
5 0.63883 0.5 0.030851 0.049057 
5 0.679787 0.508491 0.031915 0.043396 
5 0.684043 0.308491 0.055319 0.160377 
5 0.740957 0.321698 0.041489 0.073585 
5 0.713298 0.434906 0.064894 0.111321 
5 0.765426 0.468868 0.032979 0.073585 
5 0.779787 0.392453 0.02766 0.049057 
5 0.798936 0.246226 0.034043 0.04717 
5 0.751064 0.25283 0.025532 0.056604 
5 0.768085 0.192453 0.034043 0.05283 
5 0.565426 0.026415 0.02234 0.05283 
5 0.598936 0.117925 0.02766 0.058491 
5 0.631915 0.174528 0.034043 0.054717 
5 0.639894 0.079245 0.062766 0.067925 
5 0.696277 0.149057 0.037234 0.113208 
5 0.76117 0.04434 0.032979 0.050943 
5 0.690957 0.018868 0.032979 0.037736 
5 0.661702 0.006604 0.025532 0.013208 
5 0.793617 0.70566 0.180851 0.384906 
