5 0.545752 0.720588 0.013072 0.02451 
5 0.661765 0.693627 0.013072 0.014706 
5 0.697712 0.753676 0.013072 0.017157 
5 0.723856 0.604167 0.013072 0.017157 
5 0.749183 0.640931 0.014706 0.022059 
5 0.754085 0.536765 0.014706 0.019608 
5 0.867647 0.088235 0.264706 0.176471 
5 0.603758 0.16299 0.220588 0.301471 
5 0.447712 0.314951 0.013072 0.017157 
5 0.742647 0.431373 0.014706 0.019608 
5 0.79902 0.533088 0.013072 0.022059 
5 0.248366 0.171569 0.232026 0.323529 
5 0.477124 0.442402 0.428105 0.218137 
5 0.419118 0.764706 0.011438 0.02451 
5 0.495915 0.589461 0.011438 0.022059 
5 0.513072 0.623775 0.013072 0.017157 
5 0.589052 0.634804 0.011438 0.019608 
