5 0.031046 0.778186 0.006536 0.007353 
5 0.033497 0.731618 0.00817 0.012255 
5 0.236111 0.555147 0.00817 0.012255 
5 0.227941 0.602941 0.00817 0.014706 
5 0.222222 0.644608 0.006536 0.014706 
5 0.215686 0.675245 0.006536 0.017157 
5 0.209967 0.710784 0.014706 0.02451 
5 0.178922 0.893382 0.011438 0.012255 
5 0.103758 0.89951 0.00817 0.014706 
5 0.113562 0.867647 0.00817 0.014706 
5 0.128268 0.840686 0.011438 0.014706 
5 0.147876 0.821078 0.00817 0.019608 
5 0.169118 0.829657 0.00817 0.017157 
5 0.190359 0.814951 0.00817 0.017157 
5 0.20098 0.767157 0.019608 0.053922 
5 0.30719 0.98652 0.006536 0.026961 
5 0.310458 0.944853 0.006536 0.012255 
5 0.308824 0.911765 0.006536 0.009804 
5 0.316993 0.886029 0.006536 0.012255 
5 0.321078 0.851716 0.00817 0.012255 
5 0.323529 0.821078 0.006536 0.014706 
5 0.323529 0.790441 0.006536 0.012255 
5 0.326797 0.762255 0.006536 0.014706 
5 0.33415 0.741422 0.00817 0.012255 
5 0.473856 0.688725 0.009804 0.014706 
5 0.478758 0.64951 0.009804 0.014706 
5 0.484477 0.628676 0.00817 0.012255 
5 0.490196 0.596814 0.009804 0.012255 
5 0.500817 0.531863 0.011438 0.04902 
5 0.509804 0.460784 0.013072 0.04902 
5 0.521242 0.393382 0.019608 0.051471 
5 0.909314 0.506127 0.011438 0.022059 
5 0.918301 0.439951 0.01634 0.061275 
5 0.933824 0.355392 0.02451 0.04902 
5 0.893791 0.775735 0.009804 0.017157 
5 0.897059 0.740196 0.009804 0.019608 
5 0.892974 0.694853 0.00817 0.017157 
5 0.889706 0.653186 0.00817 0.017157 
5 0.878268 0.680147 0.014706 0.022059 
5 0.870098 0.735294 0.014706 0.02451 
5 0.785948 0.707108 0.009804 0.017157 
5 0.802288 0.671569 0.009804 0.014706 
5 0.804739 0.639706 0.011438 0.019608 
5 0.005719 0.506127 0.011438 0.031863 
5 0.049837 0.980392 0.004902 0.009804 
5 0.035131 0.960784 0.004902 0.009804 
5 0.021242 0.943627 0.009804 0.019608 
5 0.01634 0.903186 0.006536 0.012255 
5 0.02451 0.845588 0.006536 0.009804 
5 0.028595 0.8125 0.00817 0.012255 
5 0.031046 0.753676 0.006536 0.012255 
5 0.864379 0.577206 0.075163 0.090686 
5 0.89951 0.966912 0.04085 0.061275 
5 0.813725 0.602941 0.013072 0.019608 
5 0.098039 0.068627 0.019608 0.029412 
5 0.123366 0.020833 0.014706 0.031863 
5 0.257353 0.453431 0.00817 0.014706 
5 0.25 0.480392 0.009804 0.014706 
5 0.25 0.518382 0.009804 0.017157 
5 0.080065 0.131127 0.019608 0.036765 
5 0.055556 0.210784 0.019608 0.029412 
5 0.038399 0.284314 0.017974 0.029412 
5 0.023693 0.351716 0.017974 0.031863 
5 0.014706 0.42402 0.019608 0.029412 
