5 0.84675 0.2716 0.0275 0.044328 
5 0.375 0.228024 0.025 0.036814 
5 0.21725 0.353118 0.0255 0.045079 
5 0.126 0.484974 0.025 0.038317 
5 0.176 0.492111 0.055 0.058603 
5 0.22975 0.543576 0.0225 0.038317 
5 0.47 0.586401 0.035 0.042825 
5 0.4685 0.40571 0.026 0.046582 
5 0.36275 0.333208 0.0245 0.035312 
5 0.4115 0.412472 0.026 0.043576 
5 0.35025 0.390308 0.0285 0.042825 
5 0.26275 0.506011 0.0285 0.042825 
5 0.3085 0.460556 0.097 0.100676 
5 0.37725 0.451916 0.0355 0.042825 
5 0.41025 0.478212 0.0295 0.053343 
5 0.385 0.508264 0.032 0.048835 
5 0.43675 0.509016 0.0285 0.051841 
5 0.40525 0.551465 0.0285 0.048084 
