5 0.048742 0.575472 0.097484 0.308176 
5 0.050314 0.811321 0.100629 0.251572 
5 0.125786 0.927673 0.044025 0.09434 
5 0.194969 0.962264 0.044025 0.062893 
5 0.246855 0.946541 0.059748 0.09434 
5 0.334906 0.861635 0.04717 0.08805 
5 0.251572 0.830189 0.044025 0.100629 
5 0.209119 0.798742 0.040881 0.08805 
5 0.160377 0.663522 0.062893 0.18239 
5 0.198113 0.597484 0.050314 0.125786 
5 0.232704 0.720126 0.050314 0.106918 
5 0.303459 0.600629 0.053459 0.132075 
5 0.286164 0.691824 0.062893 0.113208 
5 0.305031 0.738994 0.050314 0.09434 
5 0.248428 0.556604 0.044025 0.081761 
5 0.22327 0.443396 0.044025 0.081761 
5 0.286164 0.468553 0.062893 0.132075 
5 0.121069 0.430818 0.04717 0.09434 
5 0.191824 0.301887 0.044025 0.08805 
5 0.275157 0.298742 0.110063 0.194969 
5 0.426101 0.27673 0.103774 0.201258 
5 0.363208 0.336478 0.034591 0.09434 
5 0.487421 0.235849 0.044025 0.119497 
5 0.40566 0.41195 0.081761 0.144654 
5 0.41195 0.534591 0.062893 0.113208 
5 0.400943 0.641509 0.059748 0.100629 
5 0.424528 0.795597 0.09434 0.169811 
5 0.474843 0.628931 0.062893 0.125786 
5 0.562893 0.525157 0.056604 0.119497 
5 0.492138 0.506289 0.084906 0.144654 
5 0.507862 0.36478 0.04717 0.100629 
5 0.56761 0.361635 0.084906 0.18239 
5 0.570755 0.915094 0.097484 0.169811 
5 0.616352 0.874214 0.069182 0.150943 
5 0.636792 0.569182 0.066038 0.132075 
5 0.710692 0.619497 0.081761 0.18239 
5 0.784591 0.666667 0.059748 0.125786 
5 0.849057 0.720126 0.050314 0.106918 
5 0.882075 0.647799 0.066038 0.125786 
5 0.836478 0.610063 0.056604 0.113208 
5 0.694969 0.496855 0.050314 0.100629 
5 0.75 0.522013 0.059748 0.138365 
5 0.792453 0.440252 0.062893 0.125786 
5 0.847484 0.421384 0.053459 0.138365 
5 0.801887 0.531447 0.044025 0.081761 
5 0.962264 0.512579 0.075472 0.132075 
5 0.921384 0.477987 0.044025 0.08805 
5 0.880503 0.320755 0.056604 0.125786 
5 0.833333 0.289308 0.062893 0.138365 
5 0.894654 0.213836 0.059748 0.150943 
5 0.959119 0.245283 0.069182 0.138365 
5 0.976415 0.374214 0.04717 0.132075 
5 0.915094 0.374214 0.069182 0.144654 
5 0.529874 0.059748 0.091195 0.119497 
5 0.54717 0.157233 0.100629 0.125786 
5 0.657233 0.298742 0.075472 0.157233 
5 0.665094 0.408805 0.078616 0.100629 
5 0.688679 0.160377 0.075472 0.144654 
5 0.761006 0.238994 0.075472 0.251572 
5 0.715409 0.04717 0.116352 0.09434 
5 0.819182 0.100629 0.091195 0.163522 
5 0.946541 0.053459 0.09434 0.106918 
