5 0.848333 0.21131 0.063333 0.14881 
5 0.691667 0.428571 0.076667 0.214286 
5 0.566667 0.375 0.066667 0.142857 
5 0.633333 0.714286 0.066667 0.119048 
5 0.715 0.705357 0.07 0.160714 
5 0.746667 0.83631 0.046667 0.10119 
5 0.543333 0.761905 0.04 0.107143 
5 0.503333 0.761905 0.04 0.107143 
5 0.396667 0.589286 0.066667 0.154762 
5 0.203333 0.735119 0.066667 0.14881 
5 0.068333 0.660714 0.056667 0.119048 
5 0.368333 0.833333 0.056667 0.142857 
5 0.286667 0.869048 0.04 0.083333 
5 0.31 0.946429 0.06 0.095238 
5 0.348333 0.901786 0.05 0.10119 
5 0.403333 0.904762 0.04 0.095238 
5 0.435 0.925595 0.043333 0.113095 
5 0.201667 0.949405 0.056667 0.089286 
5 0.406667 0.16369 0.066667 0.160714 
5 0.268333 0.196429 0.083333 0.190476 
5 0.038333 0.241071 0.076667 0.184524 
5 0.201667 0.053571 0.083333 0.107143 
