5 0.070261 0.631707 0.140523 0.292683 
5 0.243464 0.310976 0.081699 0.285366 
5 0.011438 0.978049 0.022876 0.039024 
5 0.05719 0.847561 0.035948 0.056098 
5 0.109477 0.826829 0.03268 0.04878 
5 0.191176 0.810976 0.029412 0.046341 
5 0.25817 0.743902 0.029412 0.058537 
5 0.515523 0.660976 0.031046 0.04878 
5 0.89134 0.689024 0.027778 0.041463 
5 0.633987 0.985366 0.029412 0.029268 
5 0.349673 0.337805 0.022876 0.036585 
5 0.418301 0.209756 0.039216 0.039024 
5 0.347222 0.034146 0.021242 0.029268 
5 0.24183 0.076829 0.029412 0.046341 
5 0.031046 0.428049 0.022876 0.031707 
5 0.063725 0.232927 0.022876 0.036585 
5 0.053922 0.076829 0.019608 0.026829 
5 0.118464 0.006098 0.02451 0.012195 
5 0.39951 0.080488 0.02451 0.04878 
5 0.424837 0.119512 0.026144 0.034146 
5 0.518791 0.185366 0.083333 0.068293 
5 0.60866 0.284146 0.02451 0.041463 
5 0.689542 0.162195 0.03268 0.07561 
5 0.773693 0.05 0.02451 0.041463 
5 0.813725 0.07561 0.029412 0.043902 
5 0.894608 0.123171 0.037582 0.041463 
5 0.944444 0.132927 0.022876 0.041463 
5 0.788399 0.162195 0.027778 0.036585 
5 0.736928 0.239024 0.029412 0.034146 
5 0.474673 0.34878 0.02451 0.039024 
5 0.501634 0.410976 0.026144 0.046341 
5 0.558007 0.404878 0.02451 0.034146 
5 0.564542 0.491463 0.031046 0.041463 
5 0.778595 0.29878 0.044118 0.046341 
5 0.830065 0.320732 0.029412 0.041463 
5 0.877451 0.318293 0.026144 0.036585 
