5 0.836601 0.772059 0.075163 0.04902 
5 0.844771 0.692402 0.107843 0.154412 
5 0.667484 0.737745 0.070261 0.117647 
5 0.714052 0.508578 0.078431 0.080882 
5 0.748366 0.754902 0.104575 0.132353 
5 0.572712 0.582108 0.089869 0.110294 
5 0.627451 0.520833 0.104575 0.129902 
5 0.572712 0.479167 0.060458 0.090686 
5 0.644608 0.449755 0.070261 0.07598 
5 0.712418 0.411765 0.058824 0.107843 
5 0.759804 0.444853 0.084967 0.134804 
5 0.81781 0.519608 0.099673 0.137255 
5 0.695261 0.609069 0.129085 0.144608 
5 0.763072 0.683824 0.098039 0.186275 
5 0.653595 0.372549 0.081699 0.117647 
5 0.607843 0.675245 0.088235 0.144608 
5 0.852941 0.625 0.098039 0.112745 
