5 0.86683 0.224265 0.053922 0.061275 
5 0.950163 0.197304 0.00817 0.012255 
5 0.919935 0.281863 0.006536 0.009804 
5 0.653595 0.061275 0.006536 0.009804 
5 0.565359 0.147059 0.006536 0.009804 
5 0.357026 0.147059 0.017974 0.02451 
5 0.653595 0.609069 0.062092 0.105392 
5 0.528595 0.553922 0.116013 0.127451 
5 0.468954 0.654412 0.065359 0.088235 
5 0.586601 0.737745 0.035948 0.107843 
5 0.457516 0.835784 0.009804 0.014706 
5 0.479575 0.827206 0.011438 0.017157 
5 0.472222 0.742647 0.013072 0.02451 
5 0.489379 0.751225 0.00817 0.012255 
5 0.454248 0.759804 0.009804 0.014706 
5 0.309641 0.786765 0.122549 0.181373 
5 0.405229 0.751225 0.055556 0.144608 
5 0.593954 0.395833 0.05719 0.125 
5 0.606209 0.303922 0.013072 0.019608 
5 0.486928 0.285539 0.130719 0.311275 
