5 0.89134 0.352941 0.011438 0.019608 
5 0.60866 0.403186 0.00817 0.012255 
5 0.606209 0.477941 0.009804 0.019608 
5 0.558824 0.523284 0.009804 0.012255 
5 0.460784 0.520833 0.009804 0.017157 
5 0.477124 0.595588 0.009804 0.009804 
5 0.486928 0.626225 0.009804 0.017157 
5 0.354575 0.572304 0.01634 0.022059 
5 0.324346 0.617647 0.014706 0.014706 
5 0.257353 0.526961 0.00817 0.019608 
5 0.579248 0.734069 0.00817 0.022059 
5 0.960784 0.332108 0.009804 0.012255 
5 0.757353 0.343137 0.011438 0.019608 
5 0.696895 0.365196 0.011438 0.019608 
5 0.63317 0.332108 0.011438 0.017157 
5 0.678922 0.496324 0.011438 0.017157 
