5 0.019022 0.614964 0.038043 0.032847 
5 0.383152 0.644161 0.070652 0.047445 
5 0.309783 0.839416 0.065217 0.065693 
5 0.842391 0.885036 0.043478 0.040146 
5 0.942935 0.90146 0.070652 0.058394 
5 0.88587 0.755474 0.043478 0.036496 
5 0.891304 0.569343 0.043478 0.029197 
5 0.975543 0.563869 0.038043 0.032847 
5 0.557065 0.485401 0.048913 0.036496 
5 0.692935 0.432482 0.038043 0.025547 
5 0.798913 0.443431 0.032609 0.025547 
5 0.8125 0.490876 0.027174 0.025547 
5 0.470109 0.361314 0.027174 0.021898 
5 0.184783 0.284672 0.043478 0.036496 
5 0.059783 0.366788 0.043478 0.025547 
5 0.834239 0.341241 0.038043 0.032847 
5 0.736413 0.255474 0.038043 0.029197 
5 0.978261 0.160584 0.032609 0.036496 
5 0.657609 0.105839 0.043478 0.029197 
5 0.644022 0.20073 0.038043 0.029197 
5 0.288043 0.031022 0.043478 0.040146 
5 0.258152 0.078467 0.038043 0.025547 
5 0.23913 0.171533 0.043478 0.036496 
5 0.353261 0.054745 0.032609 0.029197 
5 0.377717 0.096715 0.038043 0.032847 
5 0.44837 0.120438 0.038043 0.029197 
5 0.391304 0.169708 0.032609 0.025547 
5 0.475543 0.164234 0.038043 0.029197 
5 0.554348 0.167883 0.032609 0.021898 
5 0.470109 0.224453 0.070652 0.076642 
5 0.535326 0.239051 0.048913 0.025547 
5 0.592391 0.235401 0.043478 0.032847 
