5 0.253268 0.528256 0.03268 0.054054 
5 0.300654 0.487715 0.055556 0.100737 
5 0.374183 0.523342 0.04902 0.137592 
5 0.375 0.68059 0.031046 0.054054 
5 0.346405 0.772727 0.029412 0.046683 
5 0.267157 0.81941 0.034314 0.051597 
5 0.477124 0.668305 0.029412 0.04914 
5 0.678922 0.659705 0.031046 0.051597 
5 0.762255 0.773956 0.151961 0.181818 
5 0.65768 0.773956 0.031046 0.04914 
5 0.613562 0.836609 0.034314 0.051597 
5 0.566176 0.900491 0.034314 0.056511 
5 0.673203 0.875921 0.03268 0.056511 
5 0.982843 0.856265 0.034314 0.061425 
5 0.933824 0.87715 0.034314 0.044226 
5 0.855392 0.979115 0.034314 0.041769 
5 0.254085 0.250614 0.377451 0.501229 
5 0.04085 0.280098 0.035948 0.058968 
5 0.014706 0.023342 0.029412 0.046683 
5 0.473856 0.093366 0.042484 0.063882 
5 0.543301 0.192875 0.04085 0.076167 
5 0.593137 0.411548 0.300654 0.449631 
5 0.915033 0.189189 0.045752 0.054054 
5 0.939542 0.280098 0.039216 0.063882 
5 0.865196 0.58231 0.269608 0.481572 
5 0.111928 0.529484 0.04085 0.056511 
5 0.037582 0.670762 0.03268 0.058968 
5 0.090686 0.703931 0.034314 0.051597 
5 0.147059 0.638821 0.03268 0.04914 
