5 0.537582 0.813268 0.176471 0.314496 
5 0.798203 0.074939 0.014706 0.022113 
5 0.812092 0.404177 0.013072 0.027027 
5 0.079248 0.668305 0.031046 0.044226 
5 0.821895 0.97543 0.013072 0.014742 
5 0.701797 0.743243 0.148693 0.164619 
5 0.658497 0.936118 0.065359 0.12285 
5 0.75817 0.987715 0.022876 0.019656 
5 0.585784 0.597052 0.050654 0.083538 
5 0.642157 0.617936 0.006536 0.017199 
5 0.409314 0.27027 0.256536 0.186732 
5 0.686275 0.59828 0.006536 0.012285 
5 0.437908 0.503686 0.176471 0.260442 
