5 0.32598 0.756127 0.021242 0.026961 
5 0.384804 0.583333 0.014706 0.014706 
5 0.488562 0.551471 0.013072 0.014706 
5 0.461601 0.497549 0.014706 0.02451 
5 0.426471 0.468137 0.013072 0.02451 
5 0.558007 0.539216 0.014706 0.019608 
5 0.512255 0.530637 0.014706 0.017157 
5 0.640523 0.551471 0.013072 0.014706 
5 0.621732 0.497549 0.014706 0.014706 
5 0.598856 0.458333 0.017974 0.02451 
5 0.586601 0.508578 0.013072 0.022059 
5 0.543301 0.509804 0.021242 0.034314 
5 0.531863 0.474265 0.014706 0.022059 
5 0.517157 0.393382 0.017974 0.022059 
5 0.5 0.373775 0.01634 0.022059 
5 0.580065 0.731618 0.19281 0.340686 
5 0.619281 0.416667 0.019608 0.02451 
5 0.569444 0.39951 0.014706 0.019608 
5 0.654412 0.383578 0.017974 0.026961 
5 0.617647 0.319853 0.01634 0.026961 
5 0.901961 0.276961 0.039216 0.039216 
5 0.843954 0.431373 0.017974 0.02451 
5 0.687092 0.61152 0.034314 0.095588 
5 0.322712 0.631127 0.014706 0.022059 
5 0.366013 0.704657 0.01634 0.022059 
