5 0.712418 0.672414 0.013072 0.024631 
5 0.721405 0.714286 0.011438 0.014778 
5 0.472222 0.115764 0.117647 0.123153 
5 0.260621 0.16133 0.021242 0.03202 
5 0.159314 0.323892 0.037582 0.071429 
5 0.679739 0.264778 0.153595 0.238916 
5 0.533497 0.305419 0.073529 0.133005 
5 0.745915 0.42734 0.014706 0.022167 
5 0.792484 0.5 0.013072 0.019704 
5 0.678105 0.745074 0.042484 0.105911 
5 0.740196 0.62069 0.052288 0.054187 
5 0.541667 0.69335 0.243464 0.465517 
5 0.183007 0.644089 0.352941 0.509852 
5 0.47549 0.433498 0.013072 0.019704 
5 0.675654 0.820197 0.014706 0.024631 
5 0.882353 0.157635 0.009804 0.014778 
