5 0.254902 0.685535 0.01634 0.037736 
5 0.239379 0.721698 0.014706 0.034591 
5 0.234477 0.811321 0.014706 0.031447 
5 0.223039 0.789308 0.017974 0.031447 
5 0.18219 0.748428 0.017974 0.044025 
5 0.312908 0.863208 0.011438 0.028302 
5 0.319444 0.841195 0.011438 0.028302 
5 0.341503 0.773585 0.062092 0.075472 
5 0.313725 0.929245 0.013072 0.028302 
5 0.334967 0.957547 0.009804 0.028302 
5 0.296569 0.896226 0.00817 0.025157 
5 0.173203 0.943396 0.013072 0.037736 
5 0.290033 0.966981 0.017974 0.059748 
5 0.50817 0.803459 0.01634 0.040881 
5 0.347222 0.896226 0.014706 0.025157 
5 0.397059 0.891509 0.013072 0.034591 
5 0.437908 0.910377 0.01634 0.040881 
5 0.534314 0.886792 0.03268 0.075472 
5 0.505719 0.902516 0.017974 0.050314 
5 0.620098 0.22327 0.021242 0.056604 
5 0.689542 0.294025 0.006536 0.015723 
5 0.90768 0.800314 0.00817 0.015723 
5 0.869281 0.713836 0.006536 0.018868 
5 0.931373 0.696541 0.009804 0.022013 
5 0.873366 0.165094 0.02451 0.059748 
5 0.962418 0.015723 0.022876 0.031447 
5 0.419935 0.877358 0.009804 0.025157 
5 0.048203 0.761006 0.014706 0.031447 
5 0.21732 0.650943 0.150327 0.289308 
5 0.244281 0.41195 0.26634 0.188679 
5 0.487745 0.643082 0.00817 0.022013 
5 0.478758 0.742138 0.022876 0.044025 
5 0.545752 0.735849 0.009804 0.018868 
5 0.598856 0.646226 0.00817 0.022013 
5 0.569444 0.632075 0.00817 0.018868 
5 0.564542 0.603774 0.00817 0.018868 
5 0.549837 0.633648 0.011438 0.028302 
5 0.534314 0.625786 0.01634 0.044025 
5 0.376634 0.630503 0.148693 0.261006 
5 0.392157 0.433962 0.029412 0.069182 
5 0.423203 0.449686 0.019608 0.031447 
5 0.495098 0.367925 0.019608 0.031447 
5 0.48366 0.394654 0.01634 0.034591 
5 0.476307 0.440252 0.017974 0.031447 
5 0.464052 0.418239 0.01634 0.031447 
5 0.465686 0.389937 0.01634 0.025157 
5 0.446078 0.377358 0.026144 0.044025 
5 0.42402 0.378931 0.017974 0.053459 
5 0.405229 0.323899 0.019608 0.031447 
5 0.433007 0.311321 0.019608 0.050314 
5 0.465686 0.311321 0.019608 0.050314 
5 0.499183 0.415094 0.017974 0.044025 
5 0.529412 0.451258 0.042484 0.097484 
5 0.513889 0.286164 0.02451 0.062893 
5 0.545752 0.290881 0.026144 0.059748 
5 0.468137 0.221698 0.014706 0.04717 
5 0.556373 0.218553 0.027778 0.053459 
5 0.54902 0.168239 0.019608 0.04717 
5 0.518791 0.11478 0.021242 0.053459 
5 0.454248 0.061321 0.03268 0.053459 
5 0.429739 0.11478 0.022876 0.040881 
5 0.288399 0.172956 0.230392 0.283019 
5 0.419935 0.772013 0.009804 0.022013 
5 0.417484 0.822327 0.014706 0.04717 
5 0.27451 0.830189 0.013072 0.025157 
5 0.269608 0.790881 0.009804 0.028302 
5 0.258987 0.759434 0.014706 0.040881 
5 0.091503 0.56761 0.013072 0.040881 
5 0.096405 0.484277 0.019608 0.044025 
5 0.066176 0.465409 0.014706 0.031447 
5 0.072712 0.342767 0.011438 0.025157 
5 0.088235 0.325472 0.026144 0.034591 
5 0.129902 0.238994 0.017974 0.044025 
5 0.07598 0.275157 0.021242 0.040881 
5 0.042484 0.43239 0.019608 0.053459 
