5 0.962222 0.671111 0.075556 0.071111 
5 0.704444 0.704444 0.048889 0.048889 
5 0.54 0.597778 0.04 0.048889 
5 0.602222 0.704444 0.048889 0.048889 
5 0.486667 0.717778 0.048889 0.048889 
5 0.455556 0.768889 0.04 0.044444 
5 0.411111 0.768889 0.04 0.044444 
5 0.373333 0.813333 0.071111 0.08 
5 0.082222 0.864444 0.164444 0.111111 
5 0.217778 0.8 0.186667 0.195556 
5 0.164444 0.655556 0.08 0.075556 
5 0.24 0.653333 0.062222 0.071111 
5 0.242222 0.56 0.04 0.044444 
5 0.322222 0.602222 0.066667 0.12 
5 0.766667 0.628889 0.111111 0.111111 
5 0.395556 0.646667 0.017778 0.022222 
5 0.313333 0.5 0.04 0.048889 
5 0.324444 0.415556 0.044444 0.048889 
5 0.515556 0.328889 0.053333 0.062222 
5 0.604444 0.275556 0.097778 0.106667 
5 0.511111 0.177778 0.097778 0.106667 
5 0.642222 0.113333 0.111111 0.12 
5 0.711111 0.035556 0.142222 0.071111 
