5 0.075163 0.443627 0.029412 0.053922 
5 0.072712 0.308824 0.044118 0.078431 
5 0.063725 0.227941 0.039216 0.058824 
5 0.439542 0.221814 0.013072 0.022059 
5 0.251634 0.071078 0.04902 0.078431 
5 0.576797 0.099265 0.042484 0.066176 
5 0.612745 0.053922 0.039216 0.063725 
5 0.633987 0.01348 0.035948 0.026961 
5 0.84232 0.10049 0.011438 0.019608 
5 0.919935 0.594363 0.035948 0.061275 
5 0.327614 0.515931 0.158497 0.208333 
5 0.474673 0.473039 0.099673 0.176471 
5 0.60049 0.454657 0.151961 0.203431 
5 0.821895 0.328431 0.039216 0.068627 
5 0.77451 0.696078 0.029412 0.053922 
5 0.510621 0.785539 0.014706 0.022059 
5 0.232843 0.63848 0.037582 0.056373 
5 0.066993 0.8125 0.013072 0.022059 
