5 0.387681 0.174863 0.07971 0.120219 
5 0.38587 0.087432 0.047101 0.065574 
5 0.487319 0.112022 0.047101 0.071038 
5 0.577899 0.270492 0.054348 0.081967 
5 0.666667 0.237705 0.065217 0.103825 
5 0.778986 0.224044 0.050725 0.076503 
5 0.867754 0.26776 0.047101 0.076503 
5 0.907609 0.02459 0.047101 0.04918 
5 0.898551 0.431694 0.072464 0.10929 
5 0.947464 0.587432 0.018116 0.038251 
5 0.858696 0.543716 0.050725 0.071038 
5 0.793478 0.486339 0.043478 0.065574 
5 0.744565 0.581967 0.032609 0.060109 
5 0.596014 0.483607 0.083333 0.081967 
5 0.507246 0.442623 0.057971 0.076503 
5 0.605072 0.614754 0.021739 0.038251 
5 0.474638 0.57377 0.036232 0.10929 
5 0.34058 0.415301 0.043478 0.054645 
5 0.259058 0.442623 0.047101 0.076503 
5 0.168478 0.428962 0.039855 0.071038 
5 0.088768 0.147541 0.047101 0.076503 
5 0.173913 0.155738 0.072464 0.114754 
5 0.273551 0.204918 0.047101 0.071038 
5 0.039855 0.286885 0.050725 0.081967 
5 0.041667 0.489071 0.025362 0.04918 
5 0.094203 0.603825 0.028986 0.04918 
5 0.13587 0.60929 0.039855 0.060109 
5 0.192029 0.617486 0.036232 0.065574 
5 0.081522 0.81694 0.068841 0.191257 
5 0.163043 0.863388 0.086957 0.20765 
5 0.237319 0.833333 0.032609 0.04918 
5 0.027174 0.920765 0.025362 0.038251 
5 0.043478 0.972678 0.043478 0.054645 
5 0.083333 0.956284 0.028986 0.043716 
5 0.063406 0.923497 0.018116 0.021858 
5 0.210145 0.989071 0.028986 0.021858 
5 0.271739 0.939891 0.021739 0.043716 
5 0.317029 0.915301 0.025362 0.04918 
5 0.309783 0.986339 0.047101 0.027322 
5 0.371377 0.978142 0.039855 0.032787 
5 0.275362 0.603825 0.050725 0.224044 
5 0.336957 0.669399 0.021739 0.038251 
5 0.403986 0.647541 0.025362 0.038251 
5 0.358696 0.775956 0.028986 0.054645 
5 0.463768 0.762295 0.021739 0.038251 
5 0.478261 0.827869 0.021739 0.038251 
5 0.5 0.68306 0.021739 0.032787 
5 0.543478 0.959016 0.050725 0.071038 
5 0.594203 0.991803 0.021739 0.016393 
5 0.766304 0.79235 0.018116 0.032787 
5 0.818841 0.836066 0.086957 0.098361 
5 0.742754 0.849727 0.021739 0.027322 
5 0.849638 0.718579 0.018116 0.038251 
5 0.918478 0.693989 0.018116 0.032787 
5 0.947464 0.696721 0.018116 0.038251 
5 0.985507 0.751366 0.021739 0.071038 
5 0.980072 0.860656 0.039855 0.092896 
5 0.913043 0.836066 0.036232 0.065574 
5 0.88587 0.912568 0.076087 0.10929 
5 0.771739 0.953552 0.065217 0.081967 
