5 0.180556 0.430147 0.361111 0.580882 
5 0.380719 0.101716 0.114379 0.125 
5 0.439542 0.26348 0.091503 0.110294 
5 0.504902 0.025735 0.078431 0.051471 
5 0.794935 0.042892 0.066993 0.085784 
5 0.618464 0.237745 0.168301 0.284314 
5 0.549837 0.567402 0.410131 0.453431 
5 0.490196 0.863971 0.140523 0.203431 
5 0.708333 0.846814 0.070261 0.139706 
5 0.788399 0.890931 0.076797 0.085784 
5 0.895425 0.922794 0.101307 0.154412 
5 0.799837 0.984069 0.053922 0.026961 
5 0.831699 0.769608 0.088235 0.127451 
5 0.935458 0.823529 0.102941 0.127451 
5 0.878268 0.529412 0.243464 0.441176 
5 0.947712 0.281863 0.075163 0.107843 
