5 0.30719 0.433824 0.055556 0.083333 
5 0.915033 0.66299 0.068627 0.080882 
5 0.49183 0.194853 0.01634 0.026961 
5 0.588235 0.328431 0.019608 0.02451 
5 0.489379 0.314951 0.096405 0.080882 
5 0.267157 0.204657 0.021242 0.026961 
5 0.286765 0.296569 0.073529 0.073529 
5 0.382353 0.319853 0.019608 0.031863 
5 0.413399 0.366422 0.022876 0.041667 
5 0.117647 0.416667 0.035948 0.039216 
5 0.174837 0.497549 0.026144 0.034314 
5 0.216503 0.362745 0.053922 0.073529 
5 0.25 0.425245 0.026144 0.046569 
5 0.294118 0.370098 0.026144 0.044118 
5 0.347222 0.352941 0.02451 0.044118 
5 0.368464 0.390931 0.021242 0.031863 
5 0.411765 0.746324 0.218954 0.384804 
5 0.589052 0.585784 0.017974 0.029412 
5 0.578431 0.533088 0.01634 0.026961 
5 0.348039 0.432598 0.01634 0.026961 
5 0.365196 0.452206 0.014706 0.022059 
5 0.422386 0.432598 0.070261 0.085784 
5 0.486928 0.480392 0.042484 0.068627 
5 0.511438 0.426471 0.01634 0.019608 
5 0.531046 0.458333 0.04902 0.029412 
5 0.517974 0.502451 0.019608 0.039216 
5 0.528595 0.540441 0.031046 0.031863 
5 0.170752 0.609069 0.034314 0.041667 
5 0.329248 0.51348 0.037582 0.061275 
5 0.406046 0.528186 0.106209 0.056373 
5 0.392157 0.485294 0.026144 0.029412 
5 0.438725 0.493873 0.011438 0.046569 
5 0.484477 0.528186 0.014706 0.017157 
5 0.457516 0.511029 0.01634 0.022059 
