5 0.687908 0.502451 0.130719 0.205882 
5 0.586601 0.61152 0.045752 0.071078 
5 0.464869 0.425245 0.031046 0.046569 
5 0.50817 0.466912 0.035948 0.056373 
5 0.538399 0.442402 0.031046 0.046569 
5 0.450163 0.286765 0.037582 0.04902 
5 0.35866 0.283088 0.034314 0.056373 
5 0.571078 0.356618 0.031046 0.051471 
5 0.620098 0.292892 0.034314 0.071078 
5 0.65768 0.16299 0.02451 0.041667 
5 0.593137 0.046569 0.029412 0.044118 
5 0.645425 0.009804 0.026144 0.019608 
5 0.558824 0.008578 0.026144 0.017157 
