5 0.34 0.245902 0.505455 0.491803 
5 0.341818 0.748634 0.509091 0.502732 
5 0.729091 0.702186 0.28 0.595628 
5 0.025455 0.147541 0.043636 0.043716 
5 0.038182 0.428962 0.04 0.071038 
5 0.06 0.691257 0.025455 0.038251 
5 0.005455 0.756831 0.010909 0.038251 
5 0.625455 0.144809 0.036364 0.038251 
5 0.661818 0.346995 0.029091 0.038251 
5 0.736364 0.289617 0.032727 0.054645 
5 0.978182 0.404372 0.021818 0.032787 
5 0.952727 0.606557 0.021818 0.043716 
5 0.956364 0.680328 0.029091 0.027322 
5 0.947273 0.786885 0.018182 0.032787 
5 0.907273 0.855191 0.025455 0.038251 
5 0.974545 0.896175 0.021818 0.032787 
