5 0.461719 0.588889 0.073438 0.155556 
5 0.398047 0.648611 0.074219 0.136111 
5 0.363672 0.713889 0.075781 0.133333 
5 0.367969 0.795833 0.082812 0.102778 
5 0.440234 0.732639 0.063281 0.134722 
5 0.446094 0.841667 0.059375 0.133333 
5 0.510156 0.847222 0.070312 0.147222 
5 0.498828 0.695139 0.064844 0.148611 
5 0.570312 0.695833 0.079687 0.130556 
5 0.584375 0.761806 0.070312 0.118056 
5 0.626563 0.611111 0.078125 0.152778 
5 0.545312 0.577778 0.0875 0.133333 
5 0.583203 0.459722 0.071094 0.138889 
5 0.507422 0.470139 0.071094 0.123611 
5 0.468359 0.411111 0.077344 0.191667 
5 0.35 0.561111 0.076563 0.147222 
5 0.375781 0.386806 0.075 0.190278 
5 0.430078 0.451389 0.060156 0.155556 
5 0.637109 0.486806 0.074219 0.126389 
5 0.651172 0.373611 0.071094 0.138889 
5 0.587891 0.321528 0.071094 0.143056 
5 0.304297 0.607639 0.083594 0.156944 
5 0.301172 0.379861 0.074219 0.154167 
5 0.266406 0.458333 0.090625 0.152778 
5 0.275391 0.297222 0.074219 0.122222 
5 0.346094 0.29375 0.06875 0.090278 
5 0.322656 0.234722 0.075 0.113889 
5 0.370312 0.199306 0.064062 0.1625 
5 0.448437 0.281944 0.071875 0.122222 
5 0.517969 0.346528 0.073438 0.1625 
5 0.513281 0.159722 0.070312 0.175 
5 0.442578 0.13125 0.072656 0.123611 
5 0.430469 0.21875 0.06875 0.104167 
5 0.567578 0.135417 0.050781 0.079167 
5 0.567969 0.222917 0.071875 0.126389 
5 0.667969 0.238194 0.078125 0.140278 
5 0.699609 0.380556 0.060156 0.152778 
5 0.337109 0.138889 0.055469 0.077778 
5 0.667578 0.49375 0.064844 0.101389 
5 0.669141 0.558333 0.046094 0.122222 
5 0.274609 0.219444 0.041406 0.038889 
