5 0.652778 0.852679 0.034314 0.049107 
5 0.35866 0.611607 0.034314 0.053571 
5 0.527778 0.824777 0.029412 0.046875 
5 0.472222 0.565848 0.03268 0.046875 
5 0.54902 0.488839 0.03268 0.044643 
5 0.762255 0.430804 0.031046 0.040179 
5 0.848039 0.226562 0.029412 0.046875 
5 0.789216 0.90625 0.042484 0.058036 
5 0.783497 0.251116 0.034314 0.046875 
5 0.686275 0.25558 0.029412 0.046875 
5 0.625817 0.294643 0.03268 0.044643 
5 0.565359 0.309152 0.065359 0.095982 
5 0.578431 0.183036 0.035948 0.049107 
5 0.538399 0.199777 0.044118 0.055804 
5 0.537582 0.102679 0.098039 0.129464 
5 0.24183 0.379464 0.03268 0.049107 
5 0.291667 0.133929 0.031046 0.044643 
5 0.685458 0.785714 0.063725 0.066964 
5 0.702614 0.684152 0.052288 0.055804 
