5 0.930263 0.892157 0.018421 0.013072 
5 0.823684 0.211601 0.342105 0.145425 
5 0.792105 0.410131 0.2 0.163399 
5 0.548684 0.498366 0.139474 0.111111 
5 0.769737 0.675654 0.055263 0.044118 
5 0.323684 0.42402 0.015789 0.014706 
5 0.284211 0.528595 0.021053 0.021242 
5 0.151316 0.613562 0.013158 0.011438 
5 0.1 0.652778 0.015789 0.011438 
5 0.360526 0.690359 0.010526 0.00817 
5 0.202632 0.753268 0.015789 0.009804 
5 0.205263 0.790033 0.015789 0.00817 
5 0.382895 0.830065 0.013158 0.009804 
5 0.223684 0.885621 0.031579 0.039216 
5 0.519737 0.926471 0.076316 0.029412 
