5 0.473039 0.517974 0.132353 0.196078 
5 0.154412 0.355392 0.156863 0.086601 
5 0.17402 0.091503 0.044118 0.03268 
5 0.574755 0.043301 0.031863 0.027778 
5 0.647059 0.197712 0.044118 0.029412 
5 0.848039 0.124183 0.073529 0.026144 
5 0.911765 0.164216 0.044118 0.021242 
5 0.910539 0.007353 0.036765 0.014706 
5 0.922794 0.23366 0.041667 0.03268 
5 0.973039 0.436275 0.039216 0.026144 
5 0.966912 0.55719 0.041667 0.03268 
5 0.176471 0.843137 0.053922 0.042484 
5 0.911765 0.84232 0.063725 0.047386 
