5 0.500817 0.487745 0.027778 0.039216 
5 0.563725 0.583333 0.029412 0.044118 
5 0.638072 0.17402 0.027778 0.04902 
5 0.561275 0.154412 0.037582 0.04902 
5 0.634804 0.295343 0.02451 0.046569 
5 0.519608 0.345588 0.03268 0.053922 
5 0.598856 0.371324 0.031046 0.051471 
5 0.538399 0.529412 0.027778 0.039216 
5 0.642157 0.389706 0.026144 0.044118 
5 0.655229 0.454657 0.026144 0.041667 
5 0.531863 0.446078 0.034314 0.039216 
5 0.433824 0.98652 0.021242 0.026961 
5 0.338235 0.789216 0.026144 0.039216 
5 0.320261 0.811275 0.029412 0.039216 
5 0.298203 0.767157 0.02451 0.034314 
5 0.25 0.821078 0.029412 0.044118 
5 0.253268 0.507353 0.042484 0.058824 
5 0.218954 0.398284 0.052288 0.066176 
5 0.935458 0.535539 0.011438 0.017157 
5 0.441993 0.564951 0.027778 0.046569 
5 0.479575 0.536765 0.027778 0.04902 
