5 0.491013 0.455882 0.116013 0.171569 
5 0.78268 0.438725 0.130719 0.196078 
5 0.721405 0.363971 0.099673 0.154412 
5 0.643791 0.398284 0.143791 0.223039 
5 0.604575 0.307598 0.088235 0.125 
5 0.466503 0.297794 0.099673 0.14951 
5 0.388889 0.469363 0.104575 0.154412 
5 0.423203 0.594363 0.117647 0.188725 
5 0.375817 0.634804 0.091503 0.156863 
5 0.631536 0.621324 0.129085 0.183824 
5 0.617647 0.893382 0.143791 0.208333 
5 0.464052 0.78799 0.120915 0.213235 
5 0.512255 0.824755 0.070261 0.154412 
5 0.514706 0.677696 0.088235 0.134804 
5 0.599673 0.71201 0.101307 0.14951 
5 0.578431 0.555147 0.094771 0.14951 
5 0.536765 0.360294 0.070261 0.107843 
5 0.580882 0.435049 0.086601 0.110294 
