5 0.175 0.85119 0.036667 0.047619 
5 0.195 0.508929 0.023333 0.065476 
5 0.471667 0.446429 0.016667 0.035714 
5 0.568333 0.60119 0.016667 0.02381 
5 0.585 0.592262 0.016667 0.029762 
5 0.453333 0.669643 0.013333 0.029762 
5 0.535 0.767857 0.016667 0.02381 
5 0.568333 0.690476 0.016667 0.035714 
5 0.645 0.550595 0.016667 0.041667 
5 0.665 0.52381 0.016667 0.02381 
5 0.69 0.514881 0.013333 0.017857 
5 0.635 0.452381 0.016667 0.035714 
5 0.666667 0.389881 0.02 0.029762 
5 0.621667 0.383929 0.016667 0.029762 
5 0.661667 0.46131 0.016667 0.029762 
5 0.676667 0.309524 0.02 0.047619 
5 0.546667 0.21131 0.033333 0.065476 
5 0.49 0.205357 0.02 0.041667 
5 0.506667 0.276786 0.046667 0.077381 
5 0.646667 0.16369 0.02 0.041667 
5 0.623333 0.22619 0.033333 0.059524 
5 0.728333 0.157738 0.016667 0.041667 
5 0.701667 0.119048 0.016667 0.02381 
5 0.815 0.214286 0.03 0.071429 
5 0.85 0.157738 0.013333 0.029762 
5 0.88 0.28869 0.02 0.029762 
5 0.861667 0.315476 0.016667 0.02381 
5 0.918333 0.053571 0.016667 0.02381 
5 0.906667 0.083333 0.02 0.02381 
5 0.845 0.03869 0.016667 0.029762 
