5 0.534314 0.116422 0.039216 0.056373 
5 0.54902 0.198529 0.022876 0.039216 
5 0.727124 0.275735 0.071895 0.090686 
5 0.931373 0.26348 0.045752 0.061275 
5 0.332516 0.126225 0.021242 0.036765 
5 0.360294 0.176471 0.060458 0.093137 
5 0.429739 0.253676 0.03268 0.036765 
5 0.122549 0.894608 0.022876 0.04902 
5 0.178922 0.957108 0.04085 0.061275 
5 0.210784 0.97549 0.013072 0.019608 
5 0.198529 0.892157 0.047386 0.034314 
5 0.267974 0.906863 0.013072 0.019608 
5 0.291667 0.942402 0.014706 0.017157 
5 0.305556 0.928922 0.013072 0.019608 
5 0.268791 0.606618 0.021242 0.036765 
5 0.310458 0.757353 0.27451 0.215686 
5 0.453431 0.909314 0.027778 0.044118 
5 0.486928 0.895833 0.01634 0.022059 
5 0.517157 0.887255 0.044118 0.073529 
5 0.562908 0.871324 0.017974 0.022059 
5 0.614379 0.85049 0.022876 0.044118 
5 0.465686 0.833333 0.013072 0.02451 
5 0.498366 0.83701 0.013072 0.022059 
5 0.761438 0.949755 0.019608 0.046569 
5 0.640523 0.88848 0.009804 0.022059 
5 0.52451 0.66299 0.401961 0.291667 
5 0.562908 0.821078 0.021242 0.029412 
5 0.706699 0.835784 0.014706 0.02451 
5 0.779412 0.678922 0.104575 0.367647 
5 0.877451 0.672794 0.01634 0.022059 
5 0.921569 0.719363 0.03268 0.056373 
5 0.892974 0.764706 0.021242 0.04902 
5 0.960784 0.857843 0.01634 0.02451 
5 0.686275 0.872549 0.055556 0.053922 
5 0.656863 0.910539 0.013072 0.017157 
5 0.881536 0.452206 0.021242 0.031863 
5 0.745915 0.355392 0.021242 0.034314 
5 0.488562 0.394608 0.401961 0.259804 
5 0.718137 0.498775 0.017974 0.022059 
5 0.741013 0.022059 0.047386 0.044118 
5 0.572712 0.015931 0.044118 0.031863 
5 0.714052 0.11152 0.045752 0.056373 
