5 0.08415 0.528186 0.017974 0.022059 
5 0.267974 0.056373 0.013072 0.019608 
5 0.211601 0.155637 0.017974 0.026961 
5 0.331699 0.104167 0.022876 0.056373 
5 0.293301 0.140931 0.017974 0.022059 
5 0.408497 0.189951 0.019608 0.026961 
5 0.255719 0.313725 0.011438 0.014706 
5 0.294118 0.392157 0.013072 0.019608 
5 0.237745 0.508578 0.011438 0.017157 
5 0.160948 0.479167 0.011438 0.017157 
5 0.173203 0.468137 0.013072 0.014706 
5 0.291667 0.442402 0.011438 0.012255 
5 0.301471 0.463235 0.011438 0.014706 
5 0.294935 0.539216 0.014706 0.014706 
5 0.363562 0.544118 0.011438 0.029412 
5 0.356209 0.582108 0.009804 0.017157 
5 0.352941 0.604167 0.013072 0.022059 
5 0.381536 0.383578 0.011438 0.022059 
5 0.43219 0.485294 0.011438 0.009804 
5 0.513889 0.477941 0.011438 0.014706 
5 0.502451 0.330882 0.014706 0.014706 
5 0.57598 0.360294 0.014706 0.014706 
5 0.694444 0.38848 0.009804 0.022059 
5 0.624183 0.377451 0.009804 0.014706 
5 0.573529 0.417892 0.009804 0.012255 
5 0.581699 0.436275 0.009804 0.014706 
5 0.577614 0.493873 0.00817 0.017157 
5 0.611111 0.533088 0.013072 0.022059 
5 0.627451 0.546569 0.009804 0.009804 
5 0.589869 0.636029 0.026144 0.061275 
5 0.844771 0.416667 0.013072 0.014706 
5 0.904412 0.344363 0.00817 0.017157 
5 0.892157 0.258578 0.009804 0.017157 
5 0.838235 0.259804 0.013072 0.009804 
5 0.781046 0.248775 0.009804 0.007353 
5 0.785948 0.14951 0.01634 0.014706 
5 0.670752 0.089461 0.00817 0.012255 
5 0.674837 0.20098 0.009804 0.014706 
5 0.596405 0.178922 0.009804 0.014706 
5 0.751634 0.52451 0.009804 0.014706 
5 0.638889 0.634804 0.009804 0.009804 
5 0.698529 0.688725 0.00817 0.009804 
5 0.749183 0.747549 0.00817 0.009804 
5 0.683824 0.757353 0.011438 0.014706 
5 0.669118 0.776961 0.00817 0.014706 
5 0.531046 0.705882 0.013072 0.019608 
5 0.633987 0.731618 0.009804 0.017157 
5 0.776144 0.693627 0.009804 0.019608 
5 0.63317 0.910539 0.011438 0.017157 
5 0.667484 0.941176 0.00817 0.009804 
5 0.760621 0.932598 0.011438 0.017157 
5 0.955065 0.582108 0.011438 0.017157 
5 0.777778 0.438725 0.009804 0.014706 
5 0.917484 0.330882 0.014706 0.014706 
5 0.703431 0.360294 0.011438 0.02451 
5 0.697712 0.535539 0.009804 0.012255 
5 0.732026 0.616422 0.013072 0.012255 
