5 0.504085 0.147059 0.031046 0.053922 
5 0.723039 0.345588 0.031046 0.04902 
5 0.741013 0.455882 0.060458 0.083333 
5 0.632353 0.573529 0.026144 0.039216 
5 0.597222 0.577206 0.02451 0.041667 
5 0.602941 0.664216 0.026144 0.039216 
5 0.221405 0.47549 0.017974 0.029412 
5 0.171569 0.633578 0.022876 0.036765 
5 0.331699 0.667892 0.022876 0.095588 
5 0.360294 0.732843 0.02451 0.068627 
5 0.405229 0.753676 0.026144 0.051471 
5 0.460784 0.710784 0.019608 0.034314 
5 0.362745 0.555147 0.019608 0.031863 
5 0.40768 0.550245 0.014706 0.026961 
5 0.433007 0.544118 0.01634 0.02451 
5 0.453431 0.58701 0.014706 0.026961 
5 0.502451 0.422794 0.191176 0.281863 
5 0.496732 0.551471 0.068627 0.107843 
