5 0.431373 0.357843 0.071895 0.117647 
5 0.48366 0.346814 0.052288 0.110294 
5 0.550654 0.329657 0.052288 0.095588 
5 0.428105 0.617647 0.052288 0.083333 
5 0.526961 0.394608 0.047386 0.093137 
5 0.495915 0.577206 0.050654 0.07598 
5 0.576797 0.658088 0.052288 0.080882 
5 0.509804 0.664216 0.058824 0.093137 
5 0.459967 0.691176 0.050654 0.098039 
5 0.419118 0.672794 0.050654 0.071078 
5 0.408497 0.577206 0.055556 0.071078 
5 0.38317 0.54902 0.05719 0.073529 
5 0.447712 0.515931 0.055556 0.07598 
5 0.545752 0.546569 0.062092 0.098039 
5 0.527778 0.485294 0.055556 0.078431 
5 0.624183 0.517157 0.062092 0.078431 
5 0.587418 0.411765 0.073529 0.112745 
5 0.401144 0.449755 0.05719 0.080882 
