5 0.578182 0.42623 0.014545 0.032787 
5 0.205455 0.592896 0.018182 0.038251 
5 0.041818 0.773224 0.083636 0.15847 
5 0.050909 0.584699 0.029091 0.043716 
5 0.092727 0.70765 0.018182 0.027322 
5 0.132727 0.827869 0.018182 0.038251 
5 0.270909 0.713115 0.025455 0.038251 
5 0.245455 0.513661 0.018182 0.032787 
5 0.190909 0.442623 0.018182 0.032787 
5 0.307273 0.42623 0.018182 0.032787 
5 0.298182 0.494536 0.014545 0.027322 
5 0.138182 0.265027 0.021818 0.038251 
5 0.090909 0.188525 0.021818 0.027322 
5 0.267273 0.240437 0.018182 0.032787 
5 0.303636 0.29235 0.018182 0.027322 
5 0.327273 0.071038 0.021818 0.065574 
5 0.410909 0.270492 0.072727 0.081967 
5 0.405455 0.423497 0.018182 0.038251 
5 0.467273 0.407104 0.018182 0.027322 
5 0.512727 0.469945 0.058182 0.142077 
5 0.590909 0.371585 0.025455 0.032787 
5 0.585455 0.478142 0.014545 0.027322 
5 0.554545 0.612022 0.018182 0.021858 
5 0.383636 0.68306 0.018182 0.032787 
5 0.414545 0.718579 0.029091 0.04918 
5 0.452727 0.784153 0.018182 0.038251 
5 0.534545 0.724044 0.021818 0.027322 
5 0.514545 0.784153 0.018182 0.027322 
5 0.578182 0.781421 0.029091 0.054645 
5 0.436364 0.530055 0.014545 0.021858 
5 0.794545 0.721311 0.025455 0.054645 
5 0.950909 0.644809 0.032727 0.043716 
5 0.970909 0.36612 0.043636 0.065574 
5 0.889091 0.289617 0.018182 0.032787 
5 0.845455 0.245902 0.018182 0.021858 
5 0.807273 0.251366 0.021818 0.021858 
5 0.785455 0.306011 0.014545 0.032787 
5 0.732727 0.360656 0.025455 0.043716 
5 0.794545 0.486339 0.025455 0.032787 
5 0.707273 0.483607 0.018182 0.038251 
5 0.710909 0.437158 0.018182 0.032787 
5 0.689091 0.352459 0.018182 0.027322 
5 0.621818 0.311475 0.014545 0.021858 
5 0.672727 0.852459 0.021818 0.032787 
5 0.514545 0.308743 0.069091 0.125683 
5 0.58 0.23224 0.010909 0.016393 
5 0.616364 0.229508 0.018182 0.032787 
5 0.581818 0.10929 0.021818 0.032787 
5 0.556364 0.07377 0.014545 0.016393 
5 0.467273 0.071038 0.018182 0.032787 
5 0.641818 0.04918 0.018182 0.032787 
5 0.78 0.098361 0.018182 0.032787 
5 0.863636 0.120219 0.025455 0.032787 
5 0.765455 0.010929 0.018182 0.021858 
