5 0.177288 0.03268 0.073529 0.062092 
5 0.131536 0.007353 0.014706 0.011438 
5 0.220588 0.009804 0.01634 0.013072 
5 0.262255 0.046569 0.02451 0.021242 
5 0.228758 0.093954 0.01634 0.017974 
5 0.169935 0.129902 0.019608 0.014706 
5 0.294118 0.078431 0.01634 0.019608 
5 0.339052 0.04085 0.073529 0.062092 
5 0.322712 0.005719 0.017974 0.011438 
5 0.34232 0.005719 0.017974 0.011438 
5 0.390523 0.017974 0.078431 0.035948 
5 0.511438 0.03268 0.091503 0.065359 
5 0.397876 0.065359 0.011438 0.01634 
5 0.425654 0.075163 0.011438 0.01634 
5 0.29902 0.851307 0.035948 0.039216 
5 0.435458 0.895425 0.047386 0.058824 
5 0.517974 0.941993 0.029412 0.037582 
5 0.457516 0.986928 0.03268 0.026144 
5 0.497549 0.825163 0.02451 0.029412 
5 0.525327 0.854575 0.02451 0.026144 
5 0.544118 0.816176 0.022876 0.027778 
5 0.563725 0.838235 0.035948 0.039216 
5 0.670752 0.852941 0.017974 0.022876 
5 0.660131 0.890523 0.019608 0.026144 
5 0.736111 0.857026 0.021242 0.021242 
5 0.764706 0.794935 0.065359 0.076797 
5 0.687092 0.75817 0.044118 0.042484 
5 0.618464 0.745098 0.017974 0.026144 
5 0.598856 0.754902 0.02451 0.022876 
5 0.496732 0.713235 0.035948 0.047386 
5 0.496732 0.753268 0.026144 0.026144 
5 0.517157 0.659314 0.034314 0.050654 
5 0.541667 0.681373 0.05719 0.042484 
5 0.526961 0.71732 0.027778 0.035948 
5 0.482843 0.69281 0.021242 0.019608 
5 0.589052 0.672386 0.037582 0.034314 
5 0.598856 0.709967 0.037582 0.037582 
5 0.612745 0.642974 0.03268 0.034314 
5 0.651961 0.628268 0.019608 0.021242 
5 0.648693 0.709967 0.042484 0.044118 
5 0.693627 0.70098 0.017974 0.022876 
5 0.70915 0.722222 0.019608 0.019608 
5 0.732026 0.619281 0.019608 0.019608 
5 0.729575 0.645425 0.02451 0.019608 
5 0.689542 0.611111 0.019608 0.019608 
5 0.719771 0.571078 0.017974 0.021242 
5 0.614379 0.562092 0.068627 0.078431 
5 0.558824 0.544118 0.052288 0.04902 
5 0.583333 0.514706 0.039216 0.039216 
5 0.522059 0.575163 0.047386 0.042484 
5 0.510621 0.601307 0.037582 0.026144 
5 0.573529 0.589869 0.045752 0.04902 
5 0.427288 0.631536 0.04085 0.044118 
5 0.448529 0.607026 0.011438 0.011438 
5 0.356209 0.558824 0.045752 0.039216 
5 0.351307 0.590686 0.04902 0.034314 
5 0.468137 0.535948 0.047386 0.04902 
5 0.50817 0.522876 0.01634 0.013072 
5 0.444444 0.568627 0.013072 0.013072 
5 0.550654 0.348039 0.078431 0.071895 
5 0.611928 0.361111 0.070261 0.071895 
5 0.658497 0.452614 0.045752 0.052288 
5 0.596405 0.306373 0.058824 0.044118 
5 0.656863 0.295752 0.022876 0.019608 
5 0.768791 0.285948 0.021242 0.022876 
5 0.771242 0.336601 0.01634 0.019608 
5 0.793301 0.39951 0.02451 0.021242 
5 0.793301 0.419118 0.017974 0.017974 
5 0.763889 0.470588 0.021242 0.019608 
5 0.562092 0.405229 0.013072 0.009804 
5 0.553922 0.437908 0.013072 0.009804 
5 0.522876 0.406863 0.013072 0.013072 
5 0.496732 0.409314 0.013072 0.00817 
5 0.479575 0.431373 0.02451 0.029412 
5 0.269608 0.65768 0.039216 0.044118 
5 0.375817 0.156863 0.261438 0.166667 
5 0.535948 0.122549 0.013072 0.019608 
5 0.361928 0.401144 0.285948 0.328431 
