5 0.676364 0.702186 0.145455 0.180328 
5 0.756364 0.513661 0.138182 0.174863 
5 0.68 0.371585 0.116364 0.174863 
5 0.583636 0.401639 0.141818 0.213115 
5 0.569091 0.579235 0.127273 0.163934 
5 0.467273 0.464481 0.105455 0.174863 
5 0.410909 0.379781 0.123636 0.202186 
5 0.521818 0.724044 0.141818 0.180328 
5 0.405455 0.680328 0.112727 0.202186 
5 0.310909 0.606557 0.149091 0.20765 
5 0.269091 0.385246 0.130909 0.256831 
5 0.341818 0.245902 0.123636 0.196721 
5 0.467273 0.196721 0.12 0.218579 
5 0.614545 0.215847 0.130909 0.234973 
