5 0.139405 0.826203 0.040892 0.058824 
5 0.468401 0.78877 0.04461 0.048128 
5 0.51487 0.740642 0.040892 0.058824 
5 0.69145 0.671123 0.04461 0.058824 
5 0.598513 0.606952 0.04461 0.058824 
5 0.860595 0.775401 0.048327 0.064171 
5 0.972119 0.828877 0.048327 0.053476 
5 0.946097 0.660428 0.040892 0.058824 
5 0.964684 0.606952 0.040892 0.058824 
5 0.972119 0.513369 0.033457 0.053476 
5 0.931227 0.489305 0.040892 0.048128 
5 0.925651 0.534759 0.037175 0.042781 
5 0.890335 0.475936 0.040892 0.053476 
5 0.901487 0.406417 0.026022 0.064171 
5 0.94052 0.42246 0.052045 0.085561 
5 0.789963 0.438503 0.033457 0.074866 
5 0.802974 0.481283 0.052045 0.053476 
5 0.797398 0.529412 0.040892 0.042781 
5 0.821561 0.55615 0.04461 0.053476 
5 0.851301 0.588235 0.04461 0.064171 
5 0.66171 0.398396 0.037175 0.058824 
5 0.89777 0.31016 0.033457 0.053476 
5 0.925651 0.331551 0.037175 0.064171 
5 0.869888 0.176471 0.04461 0.064171 
5 0.827138 0.243316 0.033457 0.048128 
5 0.752788 0.106952 0.033457 0.053476 
5 0.745353 0.213904 0.033457 0.053476 
5 0.697026 0.147059 0.026022 0.048128 
5 0.702602 0.275401 0.02974 0.048128 
5 0.719331 0.23262 0.033457 0.058824 
5 0.605948 0.23262 0.066914 0.080214 
5 0.535316 0.264706 0.037175 0.048128 
5 0.555762 0.334225 0.048327 0.069519 
5 0.589219 0.064171 0.033457 0.053476 
5 0.490706 0.053476 0.037175 0.053476 
5 0.436803 0.374332 0.033457 0.053476 
5 0.388476 0.414439 0.040892 0.058824 
5 0.494424 0.529412 0.02974 0.053476 
5 0.314126 0.483957 0.033457 0.058824 
