5 0.584967 0.564951 0.03268 0.046569 
5 0.861928 0.476716 0.047386 0.07598 
5 0.689542 0.540441 0.035948 0.056373 
5 0.661765 0.4375 0.029412 0.046569 
5 0.680556 0.841912 0.034314 0.051471 
5 0.50817 0.653186 0.075163 0.115196 
5 0.45098 0.694853 0.039216 0.061275 
5 0.510621 0.775735 0.031046 0.051471 
5 0.446078 0.593137 0.026144 0.044118 
5 0.414216 0.503676 0.027778 0.046569 
5 0.397876 0.411765 0.034314 0.053922 
5 0.343954 0.443627 0.031046 0.04902 
5 0.273693 0.491422 0.027778 0.046569 
5 0.213235 0.551471 0.027778 0.044118 
5 0.098856 0.432598 0.034314 0.046569 
5 0.196078 0.400735 0.098039 0.061275 
5 0.232843 0.354167 0.02451 0.031863 
5 0.052288 0.310049 0.029412 0.046569 
5 0.093954 0.142157 0.031046 0.053922 
5 0.186275 0.275735 0.042484 0.056373 
5 0.218954 0.203431 0.026144 0.044118 
5 0.251634 0.245098 0.029412 0.04902 
5 0.305556 0.301471 0.03268 0.053922 
5 0.346405 0.262255 0.042484 0.058824 
5 0.336601 0.150735 0.03268 0.046569 
5 0.433824 0.276961 0.063725 0.093137 
5 0.588235 0.077206 0.03268 0.051471 
5 0.711601 0.283088 0.04085 0.066176 
5 0.489379 0.229167 0.031046 0.046569 
5 0.583333 0.198529 0.039216 0.063725 
5 0.595588 0.252451 0.031046 0.04902 
5 0.554739 0.235294 0.031046 0.04902 
5 0.530229 0.256127 0.027778 0.041667 
5 0.54902 0.308824 0.042484 0.073529 
5 0.566176 0.419118 0.027778 0.04902 
