5 0.91 0.171891 0.18 0.245559 
5 0.818462 0.483281 0.078462 0.128527 
5 0.720385 0.547544 0.151538 0.269592 
5 0.631538 0.522989 0.024615 0.042842 
5 0.591538 0.832811 0.149231 0.14629 
5 0.579231 0.676071 0.061538 0.15256 
5 0.545769 0.508882 0.034615 0.050157 
5 0.542692 0.446186 0.023846 0.039707 
5 0.515 0.46395 0.022308 0.037618 
5 0.475 0.548067 0.028462 0.034483 
5 0.391538 0.599269 0.047692 0.065831 
5 0.353462 0.611285 0.023846 0.037618 
5 0.312308 0.579415 0.033846 0.051202 
5 0.701923 0.888192 0.074615 0.037618 
5 0.056538 0.03814 0.102308 0.07628 
5 0.636154 0.066876 0.049231 0.056426 
5 0.541923 0.039707 0.074615 0.079415 
5 0.442692 0.015152 0.040769 0.030303 
5 0.422692 0.086207 0.046923 0.057471 
5 0.322692 0.167712 0.040769 0.053292 
5 0.356538 0.15256 0.060769 0.064786 
5 0.402308 0.241902 0.035385 0.044932 
5 0.526154 0.215256 0.106154 0.135841 
5 0.672692 0.277429 0.036154 0.042842 
5 0.632692 0.420585 0.097692 0.134796 
5 0.715 0.329676 0.03 0.040752 
5 0.643846 0.333333 0.064615 0.060606 
5 0.605 0.374086 0.063846 0.071055 
5 0.569231 0.340648 0.033846 0.045977 
5 0.271538 0.363636 0.064615 0.110763 
5 0.301538 0.34535 0.06 0.055381 
5 0.411538 0.355277 0.026154 0.037618 
5 0.450385 0.398119 0.025385 0.035528 
5 0.341154 0.448276 0.025385 0.025078 
5 0.360769 0.478056 0.038462 0.042842 
5 0.260385 0.513062 0.106923 0.133751 
5 0.2 0.566353 0.084615 0.087774 
5 0.189615 0.437827 0.051538 0.073145 
5 0.073462 0.50627 0.068462 0.107628 
5 0.068462 0.601358 0.046154 0.051202 
5 0.031154 0.739289 0.045385 0.055381 
5 0.111923 0.718391 0.043846 0.0721 
5 0.190769 0.889237 0.063077 0.035528 
5 0.200769 0.768025 0.038462 0.062696 
5 0.176538 0.747126 0.040769 0.058516 
5 0.258846 0.69697 0.066923 0.085684 
5 0.340769 0.723615 0.049231 0.067921 
5 0.356538 0.541797 0.033077 0.038662 
