5 0.513072 0.509804 0.022876 0.034314 
5 0.539216 0.558824 0.019608 0.034314 
5 0.526961 0.688725 0.02451 0.034314 
5 0.612745 0.589461 0.029412 0.041667 
5 0.401144 0.449755 0.017974 0.026961 
5 0.398693 0.307598 0.01634 0.026961 
5 0.677288 0.601716 0.02451 0.036765 
5 0.278595 0.455882 0.02451 0.039216 
5 0.560458 0.314951 0.045752 0.061275 
5 0.45915 0.215686 0.065359 0.117647 
5 0.526144 0.405637 0.019608 0.031863 
5 0.535948 0.465686 0.01634 0.02451 
5 0.412582 0.702206 0.021242 0.036765 
5 0.455882 0.665441 0.022876 0.036765 
