5 0.81781 0.751634 0.027778 0.043573 
5 0.610294 0.833333 0.014706 0.03268 
5 0.596405 0.826797 0.01634 0.023965 
5 0.656046 0.673203 0.017974 0.039216 
5 0.710784 0.626362 0.035948 0.067538 
5 0.861928 0.849673 0.02451 0.039216 
5 0.878268 0.831155 0.031046 0.028322 
5 0.926471 0.846405 0.03268 0.03268 
5 0.890523 0.809368 0.022876 0.03268 
5 0.443627 0.740741 0.00817 0.013072 
5 0.438725 0.714597 0.00817 0.017429 
5 0.43219 0.730937 0.014706 0.015251 
5 0.38317 0.72549 0.011438 0.017429 
5 0.443627 0.771242 0.011438 0.013072 
5 0.384804 0.787582 0.011438 0.015251 
5 0.389706 0.849673 0.053922 0.043573 
5 0.398693 0.889978 0.009804 0.015251 
5 0.610294 0.765795 0.00817 0.010893 
5 0.656863 0.779956 0.013072 0.013072 
5 0.625817 0.875817 0.026144 0.043573 
5 0.887255 0.77451 0.022876 0.037037 
5 0.812092 0.858388 0.026144 0.043573 
5 0.361928 0.619826 0.014706 0.019608 
5 0.542484 0.696078 0.098039 0.202614 
5 0.473856 0.486928 0.346405 0.206972 
5 0.441176 0.22658 0.01634 0.021786 
5 0.455882 0.018519 0.013072 0.015251 
5 0.489379 0.757081 0.011438 0.010893 
5 0.462418 0.694989 0.009804 0.017429 
