5 0.255719 0.667892 0.017974 0.026961 
5 0.398693 0.602941 0.022876 0.04902 
5 0.375817 0.642157 0.019608 0.029412 
5 0.437092 0.515931 0.02451 0.046569 
5 0.479575 0.54902 0.02451 0.039216 
5 0.566176 0.609069 0.02451 0.046569 
5 0.487745 0.617647 0.050654 0.044118 
5 0.479575 0.675245 0.014706 0.031863 
5 0.500817 0.682598 0.014706 0.026961 
5 0.715686 0.613971 0.022876 0.041667 
5 0.714052 0.676471 0.022876 0.039216 
5 0.840686 0.735294 0.083333 0.142157 
5 0.773693 0.765931 0.02451 0.080882 
5 0.798203 0.810049 0.017974 0.026961 
5 0.585784 0.856618 0.207516 0.286765 
5 0.70915 0.807598 0.019608 0.031863 
5 0.745915 0.797794 0.017974 0.031863 
5 0.734477 0.830882 0.014706 0.034314 
5 0.787582 0.881127 0.019608 0.031863 
5 0.910948 0.882353 0.178105 0.230392 
5 0.300654 0.849265 0.169935 0.237745 
5 0.610294 0.151961 0.027778 0.04902 
5 0.594771 0.018382 0.026144 0.036765 
5 0.560458 0.401961 0.101307 0.107843 
5 0.504902 0.26348 0.062092 0.095588 
5 0.431373 0.193627 0.045752 0.073529 
5 0.377451 0.284314 0.111111 0.181373 
5 0.202614 0.181373 0.127451 0.196078 
5 0.10049 0.507353 0.021242 0.039216 
5 0.110294 0.392157 0.021242 0.034314 
5 0.00817 0.377451 0.01634 0.039216 
5 0.039216 0.340686 0.026144 0.039216 
5 0.027778 0.064951 0.03268 0.046569 
5 0.669935 0.545343 0.022876 0.041667 
5 0.836601 0.566176 0.026144 0.039216 
5 0.989379 0.535539 0.021242 0.051471 
5 0.123366 0.530637 0.017974 0.036765 
5 0.855392 0.357843 0.246732 0.289216 
5 0.669935 0.193627 0.026144 0.039216 
5 0.242647 0.39951 0.021242 0.044118 
5 0.303922 0.317402 0.065359 0.110294 
5 0.291667 0.403186 0.021242 0.046569 
5 0.271242 0.442402 0.03268 0.046569 
5 0.360294 0.447304 0.027778 0.041667 
5 0.278595 0.536765 0.017974 0.029412 
5 0.361111 0.534314 0.019608 0.039216 
5 0.316993 0.566176 0.019608 0.034314 
5 0.264706 0.584559 0.019608 0.031863 
5 0.214869 0.627451 0.014706 0.029412 
