5 0.91 0.170846 0.18 0.249739 
5 0.819615 0.483281 0.082308 0.130617 
5 0.056923 0.039185 0.103077 0.07837 
5 0.346154 0.157785 0.087692 0.075235 
5 0.423077 0.085162 0.047692 0.059561 
5 0.442692 0.014629 0.040769 0.029258 
5 0.542308 0.039707 0.075385 0.079415 
5 0.636538 0.066876 0.048462 0.058516 
5 0.526538 0.214211 0.106923 0.135841 
5 0.402692 0.243469 0.040769 0.048067 
5 0.672692 0.276907 0.037692 0.041797 
5 0.715 0.329676 0.031538 0.040752 
5 0.569231 0.339603 0.035385 0.045977 
5 0.411538 0.356844 0.026154 0.036573 
5 0.450385 0.397597 0.026923 0.036573 
5 0.542692 0.446186 0.023846 0.039707 
5 0.515 0.46395 0.023846 0.039707 
5 0.546154 0.508882 0.033846 0.050157 
5 0.340769 0.447753 0.026154 0.026123 
5 0.361154 0.476489 0.037692 0.043887 
5 0.285 0.365204 0.094615 0.115987 
5 0.189615 0.438349 0.053077 0.07419 
5 0.260385 0.512539 0.106923 0.134796 
5 0.198462 0.564786 0.076923 0.088819 
5 0.073077 0.50627 0.070769 0.109718 
5 0.067692 0.600313 0.047692 0.051202 
5 0.027308 0.734065 0.054615 0.065831 
5 0.112308 0.719436 0.044615 0.07419 
5 0.188846 0.759143 0.063846 0.08255 
5 0.191154 0.889237 0.065385 0.037618 
5 0.258077 0.696447 0.066923 0.086729 
5 0.340769 0.723093 0.050769 0.068966 
5 0.355385 0.541797 0.033846 0.038662 
5 0.312692 0.578892 0.034615 0.052247 
5 0.354231 0.610763 0.023846 0.040752 
5 0.391154 0.597701 0.048462 0.066876 
5 0.475385 0.548067 0.029231 0.034483 
5 0.58 0.677116 0.061538 0.15256 
5 0.592308 0.831766 0.147692 0.14838 
5 0.702308 0.888715 0.076923 0.036573 
5 0.681923 0.49373 0.222308 0.38349 
