5 0.450161 0.697531 0.045016 0.123457 
5 0.524116 0.82716 0.07717 0.308642 
5 0.585209 0.808642 0.038585 0.111111 
5 0.742765 0.830247 0.154341 0.216049 
5 0.395498 0.098765 0.07074 0.148148 
5 0.87299 0.719136 0.041801 0.104938 
5 0.834405 0.935185 0.041801 0.092593 
5 0.92283 0.851852 0.051447 0.148148 
5 0.245981 0.682099 0.054662 0.117284 
5 0.297428 0.712963 0.041801 0.104938 
5 0.199357 0.759259 0.051447 0.111111 
5 0.389068 0.466049 0.057878 0.154321 
5 0.421222 0.496914 0.038585 0.12963 
5 0.305466 0.567901 0.057878 0.135802 
5 0.461415 0.209877 0.073955 0.148148 
