5 0.391635 0.125 0.091255 0.125 
5 0.530418 0.260417 0.087452 0.114583 
5 0.570342 0.210938 0.060837 0.088542 
5 0.336502 0.260417 0.072243 0.09375 
5 0.174905 0.278646 0.08365 0.109375 
5 0.055133 0.0625 0.110266 0.125 
5 0.353612 0.460938 0.098859 0.130208 
5 0.454373 0.476562 0.072243 0.119792 
5 0.522814 0.494792 0.064639 0.104167 
5 0.346008 0.604167 0.08365 0.104167 
5 0.427757 0.721354 0.087452 0.098958 
5 0.806084 0.145833 0.08365 0.104167 
5 0.960076 0.023438 0.079848 0.046875 
5 0.655894 0.010417 0.072243 0.020833 
