5 0.577801 0.496732 0.051867 0.039216 
5 0.330913 0.383987 0.039419 0.039216 
5 0.102697 0.431373 0.03527 0.026144 
5 0.074689 0.361111 0.045643 0.035948 
5 0.098548 0.316993 0.043568 0.03268 
5 0.290456 0.314542 0.037344 0.034314 
5 0.34751 0.276961 0.051867 0.037582 
5 0.438797 0.245915 0.047718 0.04085 
5 0.360996 0.187908 0.049793 0.03268 
5 0.563278 0.320261 0.060166 0.042484 
5 0.140041 0.076797 0.056017 0.045752 
5 0.870332 0.449346 0.047718 0.039216 
5 0.379668 0.607026 0.045643 0.034314 
5 0.670124 0.800654 0.099585 0.078431 
5 0.520747 0.767157 0.041494 0.031046 
5 0.44917 0.689542 0.068465 0.042484 
5 0.639004 0.677288 0.033195 0.031046 
5 0.717842 0.701797 0.053942 0.031046 
5 0.844398 0.688725 0.045643 0.04085 
5 0.939834 0.652778 0.058091 0.031046 
5 0.819502 0.584967 0.045643 0.042484 
5 0.981328 0.537582 0.033195 0.03268 
5 0.660788 0.581699 0.039419 0.035948 
5 0.585062 0.598039 0.049793 0.03268 
5 0.567427 0.64134 0.039419 0.034314 
5 0.463693 0.636438 0.03527 0.034314 
5 0.488589 0.558824 0.03527 0.035948 
5 0.324689 0.593137 0.03112 0.022876 
5 0.29668 0.54902 0.041494 0.03268 
5 0.26556 0.512255 0.033195 0.027778 
5 0.210581 0.44281 0.039419 0.026144 
5 0.389004 0.495915 0.039419 0.027778 
5 0.456432 0.474673 0.033195 0.02451 
5 0.510373 0.451797 0.041494 0.044118 
