5 0.309091 0.978142 0.043636 0.032787 
5 0.176364 0.920765 0.047273 0.071038 
5 0.143636 0.806011 0.04 0.060109 
5 0.094545 0.644809 0.036364 0.043716 
5 0.150909 0.612022 0.025455 0.043716 
5 0.232727 0.770492 0.029091 0.043716 
5 0.3 0.702186 0.025455 0.04918 
5 0.32 0.743169 0.021818 0.032787 
5 0.369091 0.748634 0.032727 0.054645 
5 0.389091 0.666667 0.050909 0.098361 
5 0.374545 0.565574 0.021818 0.038251 
5 0.447273 0.595628 0.036364 0.054645 
5 0.485455 0.688525 0.018182 0.032787 
5 0.518182 0.693989 0.018182 0.032787 
5 0.536364 0.737705 0.018182 0.021858 
5 0.556364 0.672131 0.029091 0.065574 
5 0.58 0.636612 0.018182 0.038251 
5 0.6 0.661202 0.014545 0.043716 
5 0.578182 0.855191 0.021818 0.04918 
5 0.594545 0.79235 0.025455 0.032787 
5 0.62 0.729508 0.032727 0.060109 
5 0.665455 0.70765 0.043636 0.081967 
5 0.716364 0.830601 0.029091 0.054645 
5 0.676364 0.934426 0.021818 0.043716 
5 0.72 0.934426 0.029091 0.043716 
5 0.776364 0.909836 0.04 0.038251 
5 0.878182 0.89071 0.018182 0.032787 
5 0.78 0.808743 0.032727 0.043716 
5 0.810909 0.811475 0.021818 0.038251 
5 0.758182 0.762295 0.018182 0.027322 
5 0.781818 0.778689 0.014545 0.016393 
5 0.838182 0.901639 0.018182 0.032787 
5 0.914545 0.846995 0.018182 0.032787 
5 0.972727 0.808743 0.018182 0.032787 
5 0.961818 0.978142 0.018182 0.032787 
5 0.865455 0.702186 0.021818 0.038251 
5 0.770909 0.710383 0.021818 0.032787 
5 0.714545 0.620219 0.018182 0.038251 
5 0.723636 0.546448 0.021818 0.032787 
5 0.776364 0.562842 0.018182 0.032787 
5 0.825455 0.620219 0.021818 0.027322 
5 0.925455 0.612022 0.018182 0.032787 
5 0.941818 0.47541 0.021818 0.032787 
5 0.774545 0.442623 0.021818 0.043716 
5 0.812727 0.401639 0.018182 0.038251 
5 0.676364 0.453552 0.021818 0.032787 
5 0.709091 0.461749 0.021818 0.027322 
5 0.62 0.467213 0.018182 0.027322 
5 0.496364 0.546448 0.061818 0.076503 
5 0.541818 0.562842 0.021818 0.032787 
5 0.567273 0.546448 0.021818 0.043716 
5 0.625455 0.60929 0.021818 0.038251 
5 0.650909 0.603825 0.014545 0.027322 
5 0.654545 0.546448 0.021818 0.021858 
5 0.629091 0.551913 0.021818 0.021858 
5 0.601818 0.57377 0.018182 0.021858 
5 0.196364 0.445355 0.029091 0.04918 
5 0.238182 0.453552 0.025455 0.043716 
5 0.305455 0.415301 0.036364 0.043716 
5 0.327273 0.472678 0.029091 0.060109 
5 0.270909 0.382514 0.054545 0.043716 
5 0.221818 0.352459 0.029091 0.04918 
5 0.225455 0.254098 0.029091 0.04918 
5 0.263636 0.325137 0.025455 0.038251 
5 0.298182 0.284153 0.029091 0.032787 
5 0.298182 0.327869 0.021818 0.032787 
5 0.329091 0.243169 0.032727 0.038251 
5 0.361818 0.325137 0.032727 0.060109 
5 0.389091 0.330601 0.029091 0.038251 
5 0.38 0.371585 0.018182 0.021858 
5 0.418182 0.314208 0.029091 0.038251 
5 0.470909 0.270492 0.025455 0.038251 
5 0.418182 0.357923 0.029091 0.027322 
5 0.427273 0.379781 0.018182 0.038251 
5 0.463636 0.371585 0.032727 0.043716 
5 0.403636 0.409836 0.029091 0.043716 
5 0.390909 0.459016 0.025455 0.032787 
5 0.447273 0.412568 0.021818 0.038251 
5 0.472727 0.428962 0.029091 0.038251 
5 0.445455 0.472678 0.04 0.04918 
5 0.48 0.472678 0.021818 0.027322 
5 0.521818 0.464481 0.054545 0.076503 
5 0.583636 0.401639 0.025455 0.038251 
5 0.605455 0.360656 0.018182 0.032787 
5 0.623636 0.330601 0.025455 0.038251 
5 0.627273 0.278689 0.025455 0.043716 
5 0.66 0.295082 0.032727 0.054645 
5 0.712727 0.371585 0.021818 0.032787 
5 0.563636 0.327869 0.021818 0.032787 
5 0.563636 0.259563 0.029091 0.027322 
5 0.530909 0.210383 0.021818 0.027322 
5 0.56 0.185792 0.029091 0.032787 
5 0.589091 0.106557 0.021818 0.038251 
5 0.596364 0.150273 0.029091 0.038251 
5 0.64 0.103825 0.029091 0.043716 
5 0.629091 0.172131 0.029091 0.038251 
5 0.790909 0.103825 0.061818 0.054645 
5 0.858182 0.128415 0.029091 0.038251 
5 0.903636 0.196721 0.025455 0.043716 
5 0.816364 0.210383 0.018182 0.027322 
5 0.812727 0.278689 0.025455 0.032787 
5 0.901818 0.300546 0.021818 0.032787 
5 0.936364 0.125683 0.018182 0.032787 
5 0.990909 0.196721 0.018182 0.10929 
5 0.881818 0.420765 0.018182 0.021858 
5 0.147273 0.142077 0.025455 0.043716 
