5 0.105455 0.453552 0.072727 0.076503 
5 0.136364 0.680328 0.090909 0.103825 
5 0.009091 0.819672 0.018182 0.076503 
5 0.36 0.934426 0.109091 0.120219 
5 0.470909 0.956284 0.069091 0.087432 
5 0.467273 0.70765 0.069091 0.136612 
5 0.547273 0.562842 0.069091 0.087432 
5 0.681818 0.603825 0.149091 0.136612 
5 0.325455 0.215847 0.083636 0.114754 
5 0.363636 0.306011 0.087273 0.10929 
5 0.7 0.144809 0.090909 0.103825 
5 0.869091 0.34153 0.101818 0.114754 
5 0.923636 0.243169 0.116364 0.147541 
5 0.96 0.131148 0.08 0.196721 
5 0.941818 0.019126 0.065455 0.038251 
5 0.98 0.396175 0.04 0.081967 
5 0.874545 0.653005 0.076364 0.103825 
5 0.898182 0.797814 0.065455 0.120219 
