5 0.252564 0.191071 0.033333 0.046429 
5 0.055128 0.025 0.04359 0.05 
5 0.337179 0.158929 0.033333 0.046429 
5 0.332051 0.280357 0.038462 0.046429 
5 0.447436 0.135714 0.038462 0.042857 
5 0.462821 0.230357 0.038462 0.060714 
5 0.512821 0.3875 0.035897 0.053571 
5 0.682051 0.480357 0.035897 0.046429 
5 0.665385 0.514286 0.033333 0.05 
5 0.551282 0.516071 0.030769 0.053571 
5 0.480769 0.544643 0.038462 0.060714 
5 0.378205 0.517857 0.058974 0.064286 
5 0.332051 0.548214 0.033333 0.053571 
5 0.80641 0.475 0.038462 0.071429 
5 0.815385 0.535714 0.030769 0.05 
5 0.891026 0.594643 0.033333 0.046429 
5 0.787179 0.6 0.035897 0.05 
5 0.803846 0.65 0.033333 0.042857 
5 0.733333 0.596429 0.035897 0.064286 
5 0.661538 0.632143 0.035897 0.05 
5 0.578205 0.746429 0.033333 0.057143 
5 0.408974 0.678571 0.033333 0.064286 
5 0.392308 0.773214 0.035897 0.060714 
5 0.383333 0.869643 0.038462 0.046429 
5 0.460256 0.785714 0.048718 0.057143 
5 0.510256 0.8375 0.046154 0.067857 
5 0.714103 0.910714 0.04359 0.035714 
5 0.270513 0.855357 0.033333 0.060714 
5 0.224359 0.882143 0.028205 0.05 
5 0.05641 0.828571 0.046154 0.05 
5 0.039744 0.892857 0.048718 0.064286 
5 0.132051 0.917857 0.028205 0.014286 
5 0.137179 0.792857 0.048718 0.057143 
5 0.141026 0.7 0.025641 0.05 
5 0.189744 0.7 0.030769 0.042857 
5 0.194872 0.6125 0.030769 0.039286 
5 0.238462 0.603571 0.030769 0.064286 
5 0.166667 0.508929 0.030769 0.053571 
5 0.846154 0.851786 0.035897 0.039286 
5 0.882051 0.889286 0.035897 0.078571 
