5 0.458333 0.528186 0.272876 0.227941 
5 0.332516 0.689951 0.017974 0.026961 
5 0.866013 0.738971 0.267974 0.468137 
5 0.503268 0.859069 0.398693 0.276961 
5 0.026961 0.756127 0.021242 0.07598 
5 0.135621 0.985294 0.01634 0.02451 
5 0.208333 0.610294 0.017974 0.02451 
5 0.425654 0.064951 0.04085 0.071078 
5 0.253268 0.16299 0.22549 0.32598 
5 0.426471 0.143382 0.01634 0.026961 
5 0.676471 0.252451 0.026144 0.053922 
5 0.765523 0.136029 0.017974 0.026961 
5 0.938725 0.170343 0.02451 0.026961 
5 0.946078 0.362745 0.013072 0.02451 
5 0.748366 0.324755 0.01634 0.022059 
