5 0.584428 0.210184 0.043152 0.029603 
5 0.622889 0.329189 0.046904 0.036708 
5 0.655253 0.423919 0.051595 0.036708 
5 0.810038 0.510953 0.047842 0.036708 
5 0.362101 0.50296 0.037523 0.025459 
5 0.370075 0.396388 0.049719 0.039668 
5 0.382739 0.35376 0.054409 0.045589 
5 0.408537 0.307874 0.04409 0.027235 
5 0.342871 0.321196 0.038462 0.032564 
5 0.363977 0.268502 0.0394 0.032564 
5 0.196529 0.075488 0.049719 0.034932 
5 0.480769 0.207223 0.036585 0.030787 
5 0.257036 0.312611 0.0394 0.026051 
5 0.092871 0.252812 0.050657 0.031972 
5 0.130394 0.346655 0.045028 0.032564 
5 0.060976 0.399645 0.046904 0.029603 
5 0.243902 0.378034 0.052533 0.043221 
5 0.016886 0.580817 0.033771 0.024867 
5 0.133677 0.600059 0.042214 0.032564 
5 0.262664 0.626702 0.04878 0.038484 
5 0.492495 0.776791 0.069418 0.055654 
5 0.888368 0.769982 0.052533 0.042037 
5 0.458724 0.2463 0.043152 0.031972 
5 0.528612 0.176436 0.042214 0.03434 
