5 0.839869 0.641111 0.098039 0.122222 
5 0.44281 0.075556 0.039216 0.057778 
5 0.140523 0.143333 0.281046 0.268889 
5 0.362745 0.187778 0.166667 0.157778 
5 0.560458 0.348889 0.232026 0.391111 
5 0.259804 0.516667 0.379085 0.526667 
5 0.049837 0.536667 0.099673 0.415556 
5 0.212418 0.801111 0.013072 0.015556 
5 0.166667 0.924444 0.019608 0.026667 
5 0.311275 0.883333 0.014706 0.02 
5 0.497549 0.883333 0.204248 0.211111 
5 0.544118 0.655556 0.19281 0.231111 
5 0.530229 0.654444 0.070261 0.082222 
