5 0.75817 0.08231 0.026144 0.051597 
5 0.445261 0.020885 0.031046 0.041769 
5 0.620098 0.038084 0.044118 0.071253 
5 0.615196 0.857494 0.02451 0.039312 
5 0.651144 0.899263 0.037582 0.058968 
5 0.437908 0.934889 0.022876 0.036855 
5 0.299837 0.968059 0.017974 0.034398 
5 0.42402 0.737101 0.02451 0.034398 
5 0.48366 0.635135 0.078431 0.095823 
5 0.453431 0.547912 0.021242 0.034398 
5 0.478758 0.5086 0.026144 0.044226 
5 0.245098 0.732187 0.045752 0.063882 
5 0.209967 0.572482 0.021242 0.034398 
5 0.25 0.486486 0.029412 0.044226 
5 0.339052 0.459459 0.021242 0.039312 
5 0.354575 0.331695 0.022876 0.034398 
5 0.456699 0.431204 0.02451 0.031941 
5 0.581699 0.39312 0.019608 0.039312 
5 0.698529 0.527027 0.02451 0.041769 
5 0.666667 0.455774 0.029412 0.051597 
5 0.664216 0.362408 0.031046 0.056511 
5 0.544935 0.298526 0.112745 0.066339 
5 0.42402 0.14742 0.060458 0.054054 
5 0.645425 0.186732 0.035948 0.058968 
