5 0.196078 0.822304 0.094771 0.066176 
5 0.170752 0.909314 0.014706 0.053922 
5 0.227124 0.877451 0.022876 0.02451 
5 0.343954 0.708333 0.011438 0.019608 
5 0.330882 0.757353 0.011438 0.019608 
5 0.394608 0.664216 0.011438 0.02451 
5 0.422386 0.689951 0.014706 0.017157 
5 0.306373 0.650735 0.011438 0.017157 
5 0.325163 0.610294 0.022876 0.034314 
5 0.451797 0.547794 0.011438 0.017157 
5 0.448529 0.515931 0.011438 0.017157 
5 0.374183 0.508578 0.075163 0.071078 
5 0.380719 0.448529 0.013072 0.019608 
5 0.672386 0.344363 0.027778 0.046569 
5 0.739379 0.284314 0.027778 0.044118 
5 0.523693 0.218137 0.017974 0.029412 
5 0.499183 0.328431 0.014706 0.02451 
5 0.585784 0.258578 0.017974 0.026961 
5 0.627451 0.20098 0.035948 0.053922 
5 0.590686 0.352941 0.031046 0.068627 
5 0.696895 0.482843 0.027778 0.039216 
5 0.651144 0.567402 0.021242 0.036765 
5 0.695261 0.574755 0.02451 0.031863 
