5 0.433007 0.57598 0.065359 0.098039 
5 0.408497 0.535539 0.04902 0.090686 
5 0.365196 0.535539 0.063725 0.10049 
5 0.497549 0.677696 0.060458 0.095588 
5 0.566176 0.617647 0.060458 0.063725 
5 0.568627 0.556373 0.068627 0.088235 
5 0.640523 0.594363 0.075163 0.10049 
5 0.526144 0.416667 0.065359 0.107843 
5 0.558007 0.464461 0.066993 0.115196 
5 0.486928 0.356618 0.062092 0.10049 
5 0.422386 0.425245 0.066993 0.120098 
5 0.484477 0.523284 0.070261 0.159314 
5 0.441176 0.632353 0.068627 0.068627 
5 0.436275 0.379902 0.062092 0.112745 
5 0.468137 0.28799 0.060458 0.07598 
5 0.526144 0.303922 0.068627 0.122549 
