5 0.276961 0.550245 0.017974 0.026961 
5 0.661765 0.568627 0.013072 0.02451 
5 0.758987 0.574755 0.014706 0.022059 
5 0.769608 0.555147 0.01634 0.036765 
5 0.678105 0.502451 0.013072 0.02451 
5 0.635621 0.471814 0.019608 0.022059 
5 0.65768 0.442402 0.014706 0.031863 
5 0.571895 0.449755 0.01634 0.026961 
5 0.510621 0.360294 0.017974 0.02451 
5 0.51634 0.324755 0.035948 0.051471 
5 0.299837 0.314951 0.017974 0.022059 
5 0.462418 0.332108 0.019608 0.026961 
5 0.497549 0.515931 0.014706 0.022059 
5 0.468137 0.5 0.014706 0.019608 
5 0.472222 0.458333 0.013072 0.029412 
5 0.386438 0.411765 0.017974 0.029412 
5 0.380719 0.552696 0.026144 0.036765 
5 0.355392 0.491422 0.014706 0.026961 
5 0.681373 0.578431 0.019608 0.02451 
5 0.223856 0.566176 0.01634 0.029412 
5 0.205065 0.405637 0.017974 0.026961 
5 0.014706 0.503676 0.019608 0.026961 
5 0.054739 0.133578 0.014706 0.026961 
5 0.106209 0.126225 0.026144 0.036765 
5 0.107026 0.072304 0.017974 0.026961 
5 0.643791 0.079657 0.019608 0.026961 
5 0.726307 0.080882 0.017974 0.034314 
5 0.912582 0.107843 0.014706 0.029412 
5 0.833333 0.158088 0.022876 0.026961 
5 0.730392 0.291667 0.01634 0.029412 
5 0.560458 0.627451 0.01634 0.029412 
5 0.495915 0.632353 0.011438 0.019608 
5 0.558824 0.675245 0.019608 0.017157 
5 0.551471 0.780637 0.021242 0.026961 
5 0.476307 0.979167 0.011438 0.022059 
5 0.419118 0.86152 0.017974 0.036765 
5 0.571895 0.868873 0.091503 0.085784 
5 0.919118 0.872549 0.017974 0.02451 
5 0.83415 0.91299 0.017974 0.022059 
5 0.786765 0.984069 0.017974 0.022059 
5 0.685458 0.803922 0.017974 0.02451 
5 0.664216 0.741422 0.017974 0.031863 
5 0.697712 0.752451 0.019608 0.044118 
5 0.658497 0.661765 0.022876 0.04902 
5 0.618464 0.595588 0.017974 0.029412 
5 0.712418 0.623775 0.019608 0.026961 
