5 0.695261 0.306373 0.109477 0.161765 
5 0.626634 0.427696 0.099673 0.159314 
5 0.53268 0.460784 0.114379 0.176471 
5 0.571895 0.564951 0.094771 0.154412 
5 0.729575 0.414216 0.106209 0.142157 
5 0.839869 0.427696 0.117647 0.159314 
5 0.948529 0.460784 0.102941 0.166667 
5 0.970588 0.618873 0.058824 0.169118 
5 0.888889 0.578431 0.117647 0.147059 
5 0.780229 0.568627 0.109477 0.161765 
5 0.815359 0.702206 0.107843 0.14951 
5 0.712418 0.672794 0.101307 0.139706 
5 0.614379 0.697304 0.098039 0.14951 
5 0.777778 0.175245 0.120915 0.178922 
5 0.47549 0.109069 0.150327 0.203431 
5 0.422386 0.292892 0.135621 0.232843 
5 0.44281 0.541667 0.107843 0.166667 
5 0.492647 0.643382 0.099673 0.159314 
5 0.67402 0.551471 0.106209 0.147059 
5 0.540033 0.230392 0.132353 0.215686 
5 0.616013 0.091912 0.147059 0.183824 
5 0.75 0.064951 0.120915 0.129902 
5 0.88317 0.078431 0.151961 0.156863 
5 0.474673 0.379902 0.122549 0.166667 
5 0.585784 0.32598 0.102941 0.176471 
5 0.660131 0.198529 0.114379 0.171569 
5 0.906046 0.176471 0.122549 0.176471 
5 0.977124 0.156863 0.045752 0.259804 
5 0.933007 0.306373 0.124183 0.176471 
5 0.812908 0.307598 0.129085 0.139706 
