1 0.882812 0.359259 0.01875 0.014815 
1 0.957812 0.68287 0.055208 0.056481 
1 0.941146 0.361111 0.076042 0.037037 
1 0.928385 0.658333 0.020313 0.031481 
1 0.53099 0.131944 0.048438 0.04537 
1 0.398958 0.118519 0.022917 0.027778 
1 0.226042 0.152778 0.046875 0.087037 
1 0.102344 0.14213 0.060937 0.073148 
1 0.480469 0.767593 0.049479 0.055556 
1 0.476823 0.55 0.059896 0.033333 
1 0.401302 0.389352 0.039062 0.041667 
1 0.701562 0.795833 0.0625 0.032407 
1 0.805729 0.710648 0.095833 0.062037 
1 0.183594 0.770833 0.069271 0.062037 
1 0.017969 0.412037 0.032813 0.033333 
1 0.072917 0.277315 0.0125 0.012037 
1 0.696875 0.725463 0.023958 0.036111 
1 0.773698 0.568519 0.027604 0.044444 
1 0.709115 0.465741 0.052604 0.037037 
1 0.873177 0.388426 0.029687 0.04537 
1 0.847396 0.224074 0.035417 0.075926 
1 0.78099 0.323611 0.051562 0.026852 
1 0.932813 0.255556 0.047917 0.083333 
1 0.504167 0.656481 0.033333 0.037037 
