1 0.902865 0.525 0.009896 0.011111 
1 0.926042 0.471759 0.009375 0.017593 
1 0.949219 0.448611 0.010937 0.012037 
1 0.646094 0.536574 0.013021 0.021296 
1 0.665104 0.505556 0.009375 0.009259 
1 0.673698 0.538889 0.009896 0.012963 
1 0.719271 0.536111 0.010417 0.009259 
1 0.698177 0.503704 0.013021 0.011111 
1 0.553646 0.430556 0.008333 0.012963 
1 0.573698 0.427315 0.009896 0.013889 
1 0.553646 0.40787 0.010417 0.017593 
1 0.517188 0.398611 0.007292 0.008333 
1 0.517448 0.385648 0.009896 0.015741 
1 0.529687 0.368981 0.008333 0.015741 
1 0.521615 0.466204 0.007812 0.012037 
1 0.490104 0.47037 0.008333 0.012963 
1 0.720833 0.428704 0.010417 0.016667 
1 0.689583 0.424074 0.015625 0.014815 
1 0.651563 0.555093 0.007292 0.010185 
1 0.636719 0.559259 0.007812 0.011111 
1 0.604167 0.548611 0.010417 0.008333 
1 0.417187 0.339815 0.013542 0.016667 
1 0.465885 0.469907 0.008854 0.012037 
1 0.354427 0.472685 0.013021 0.017593 
1 0.333073 0.473611 0.011979 0.019444 
1 0.301302 0.409722 0.018229 0.021296 
1 0.251563 0.419907 0.011458 0.019444 
1 0.241406 0.430093 0.009896 0.015741 
1 0.232031 0.428241 0.009896 0.021296 
1 0.220833 0.431481 0.011458 0.012963 
1 0.211198 0.432407 0.008854 0.012963 
1 0.214323 0.419907 0.009896 0.010185 
1 0.613281 0.415278 0.011979 0.017593 
1 0.460938 0.387037 0.0125 0.016667 
1 0.445052 0.421759 0.008854 0.013889 
1 0.475521 0.352778 0.0125 0.018519 
1 0.551562 0.344907 0.016667 0.021296 
1 0.557292 0.468056 0.011458 0.008333 
1 0.582552 0.507407 0.007812 0.011111 
1 0.602604 0.466204 0.007292 0.013889 
1 0.660156 0.461574 0.006771 0.013889 
1 0.63099 0.496759 0.009896 0.010185 
1 0.71224 0.478704 0.009896 0.012963 
1 0.725 0.45787 0.009375 0.015741 
1 0.741927 0.437963 0.014063 0.012963 
1 0.763542 0.440278 0.011458 0.013889 
1 0.654427 0.427778 0.009896 0.012963 
1 0.658333 0.440278 0.008333 0.012037 
1 0.626302 0.469444 0.008854 0.014815 
1 0.503646 0.426389 0.008333 0.006481 
1 0.360677 0.347685 0.010937 0.017593 
1 0.371615 0.352778 0.009896 0.018519 
2 0.330208 0.409259 0.246875 0.157407 
2 0.863542 0.498148 0.033333 0.077778 
2 0.566146 0.449537 0.225 0.232407 
1 0.561458 0.45787 0.009375 0.008333 
2 0.759375 0.486111 0.15625 0.142593 
1 0.491406 0.393981 0.009896 0.017593 
1 0.540104 0.421296 0.011458 0.012963 
1 0.526823 0.415278 0.008854 0.015741 
1 0.522656 0.433333 0.010937 0.014815 
1 0.505729 0.455556 0.010417 0.012963 
1 0.467708 0.406019 0.013542 0.012037 
1 0.474479 0.452315 0.009375 0.012037 
1 0.405729 0.472685 0.009375 0.012037 
1 0.430469 0.468519 0.007812 0.009259 
1 0.447656 0.454167 0.008854 0.010185 
1 0.373177 0.463889 0.009896 0.012963 
1 0.383073 0.452778 0.009896 0.012963 
1 0.360417 0.45 0.0125 0.011111 
1 0.372135 0.439352 0.007812 0.015741 
1 0.339323 0.447222 0.008854 0.016667 
1 0.290365 0.451389 0.016146 0.017593 
1 0.977083 0.546296 0.008333 0.018519 
1 0.974479 0.534259 0.009375 0.016667 
1 0.974219 0.510648 0.008854 0.017593 
1 0.9875 0.492593 0.0125 0.025926 
