1 0.853448 0.372414 0.057471 0.082759 
1 0.928161 0.486207 0.045977 0.034483 
1 0.836207 0.486207 0.051724 0.062069 
1 0.791667 0.52069 0.054598 0.103448 
1 0.619253 0.713793 0.066092 0.062069 
1 0.518678 0.841379 0.066092 0.068966 
1 0.649425 0.844828 0.063218 0.062069 
1 0.413793 0.513793 0.04023 0.089655 
1 0.458333 0.155172 0.083333 0.075862 
1 0.221264 0.486207 0.068966 0.075862 
1 0.306034 0.255172 0.066092 0.055172 
1 0.310345 0.6 0.057471 0.055172 
1 0.222701 0.227586 0.054598 0.068966 
1 0.168103 0.286207 0.054598 0.034483 
1 0.08046 0.296552 0.068966 0.082759 
2 0.83046 0.42069 0.252874 0.317241 
1 0.567529 0.462069 0.071839 0.110345 
1 0.735632 0.3 0.051724 0.062069 
