1 0.231667 0.776786 0.023333 0.053571 
1 0.85 0.130952 0.02 0.035714 
1 0.675 0.077381 0.023333 0.071429 
1 0.656667 0.122024 0.02 0.053571 
1 0.536667 0.110119 0.013333 0.041667 
1 0.461667 0.026786 0.016667 0.053571 
1 0.363333 0.092262 0.02 0.041667 
1 0.196667 0.479167 0.013333 0.029762 
2 0.385 0.833333 0.25 0.321429 
2 0.54 0.505952 0.253333 0.345238 
1 0.575 0.940476 0.016667 0.035714 
1 0.456667 0.880952 0.013333 0.035714 
1 0.865 0.366071 0.016667 0.053571 
1 0.516667 0.25 0.02 0.059524 
1 0.536667 0.568452 0.013333 0.029762 
1 0.35 0.693452 0.02 0.041667 
1 0.085 0.666667 0.016667 0.047619 
1 0.093333 0.744048 0.02 0.047619 
1 0.42 0.580357 0.013333 0.041667 
1 0.671667 0.357143 0.016667 0.035714 
1 0.548333 0.431548 0.016667 0.041667 
1 0.651667 0.47619 0.016667 0.02381 
2 0.32 0.565476 0.046667 0.035714 
1 0.458333 0.354167 0.016667 0.041667 
2 0.13 0.854167 0.26 0.279762 
2 0.13 0.633929 0.1 0.113095 
