1 0.438021 0.414352 0.055208 0.030556 
1 0.041406 0.656019 0.070312 0.047222 
1 0.052083 0.541204 0.057292 0.117593 
1 0.646615 0.41713 0.014063 0.010185 
1 0.963021 0.15787 0.073958 0.050926 
1 0.632292 0.277778 0.015625 0.009259 
1 0.702344 0.273148 0.131771 0.075926 
1 0.923177 0.577315 0.125521 0.125 
1 0.633854 0.903241 0.123958 0.110185 
1 0.577865 0.825463 0.077604 0.049074 
1 0.543229 0.650926 0.077083 0.114815 
1 0.327604 0.473148 0.086458 0.094444 
1 0.188281 0.338889 0.094271 0.188889 
1 0.196094 0.441204 0.167187 0.047222 
1 0.129948 0.472222 0.055729 0.064815 
1 0.033073 0.433333 0.040104 0.022222 
1 0.132031 0.522685 0.196354 0.115741 
