1 0.892188 0.707407 0.040625 0.061111 
1 0.121094 0.123148 0.069271 0.112963 
1 0.24375 0.250463 0.053125 0.086111 
1 0.31224 0.378704 0.031771 0.037037 
1 0.545573 0.397222 0.029687 0.061111 
1 0.622656 0.224074 0.030729 0.035185 
1 0.685156 0.110648 0.046354 0.04537 
1 0.738802 0.19537 0.036979 0.061111 
1 0.811198 0.298148 0.036979 0.038889 
1 0.760417 0.338889 0.042708 0.048148 
1 0.5875 0.469907 0.05 0.063889 
1 0.761979 0.441667 0.048958 0.024074 
1 0.502604 0.74213 0.027083 0.041667 
1 0.341667 0.579167 0.048958 0.139815 
1 0.316406 0.647685 0.031771 0.04537 
1 0.753385 0.947685 0.069271 0.097222 
1 0.899219 0.514352 0.029687 0.025 
1 0.74974 0.675926 0.032813 0.02963 
1 0.827344 0.695833 0.079687 0.065741 
1 0.971354 0.18287 0.057292 0.073148 
1 0.985938 0.35463 0.028125 0.035185 
1 0.98099 0.308796 0.038021 0.028704 
1 0.933333 0.560185 0.025 0.027778 
1 0.671615 0.914352 0.077604 0.049074 
