1 0.451823 0.938426 0.053646 0.025 
1 0.60625 0.307407 0.051042 0.016667 
1 0.524219 0.547222 0.076563 0.033333 
1 0.448437 0.607407 0.019792 0.011111 
1 0.394531 0.486574 0.047396 0.034259 
1 0.307812 0.376389 0.055208 0.041667 
1 0.373958 0.247685 0.030208 0.049074 
1 0.33724 0.161111 0.055729 0.037037 
1 0.197135 0.158796 0.045312 0.036111 
1 0.110937 0.109722 0.03125 0.056481 
1 0.075781 0.203704 0.034896 0.02037 
1 0.163021 0.239352 0.042708 0.119444 
1 0.151562 0.433333 0.078125 0.05 
1 0.088802 0.47963 0.052604 0.027778 
1 0.014323 0.494444 0.028646 0.022222 
1 0.143229 0.609259 0.046875 0.024074 
1 0.245052 0.498148 0.034896 0.022222 
1 0.241927 0.553241 0.028646 0.028704 
1 0.263802 0.565278 0.030729 0.017593 
1 0.269271 0.689815 0.063542 0.059259 
1 0.201302 0.794907 0.044271 0.080556 
1 0.166406 0.872222 0.039062 0.018519 
1 0.082812 0.939352 0.072917 0.050926 
1 0.634896 0.931019 0.025 0.010185 
1 0.766406 0.6875 0.029687 0.037963 
1 0.878125 0.806019 0.034375 0.036111 
1 0.823177 0.813426 0.011979 0.012037 
1 0.810677 0.590278 0.013021 0.017593 
1 0.56276 0.785185 0.009896 0.011111 
1 0.078646 0.730093 0.011458 0.010185 
