1 0.065104 0.973611 0.009375 0.013889 
1 0.76901 0.488889 0.011979 0.011111 
1 0.683594 0.538426 0.061979 0.039815 
1 0.389323 0.450926 0.044271 0.035185 
1 0.246094 0.489352 0.031771 0.028704 
1 0.189062 0.486574 0.025 0.008333 
1 0.116667 0.094907 0.00625 0.010185 
1 0.141667 0.29213 0.019792 0.013889 
1 0.778906 0.148611 0.070312 0.037963 
1 0.599479 0.213889 0.01875 0.012963 
1 0.370833 0.263889 0.066667 0.072222 
1 0.36276 0.275 0.089063 0.066667 
1 0.903646 0.820833 0.059375 0.015741 
1 0.963281 0.755093 0.066146 0.121296 
1 0.758854 0.712963 0.065625 0.031481 
1 0.878646 0.978704 0.063542 0.033333 
1 0.720313 0.918056 0.092708 0.158333 
1 0.660156 0.938889 0.073438 0.033333 
1 0.35 0.959722 0.032292 0.028704 
1 0.400521 0.874537 0.053125 0.028704 
1 0.045573 0.709722 0.009896 0.017593 
1 0.067187 0.62037 0.00625 0.007407 
1 0.180469 0.564352 0.007812 0.023148 
1 0.934635 0.468056 0.049479 0.084259 
1 0.833333 0.469444 0.084375 0.037037 
1 0.514583 0.213889 0.052083 0.062963 
