1 0.53724 0.475 0.007812 0.012963 
1 0.553125 0.549074 0.009375 0.009259 
1 0.489583 0.559259 0.007292 0.011111 
1 0.451042 0.572222 0.007292 0.012963 
1 0.433073 0.591204 0.007812 0.012037 
1 0.419271 0.554167 0.007292 0.013889 
1 0.560156 0.40463 0.008854 0.014815 
1 0.499219 0.342593 0.010937 0.012963 
1 0.473698 0.312963 0.007812 0.014815 
1 0.464583 0.323148 0.007292 0.02037 
1 0.459896 0.313889 0.008333 0.018519 
1 0.461979 0.280556 0.008333 0.012963 
1 0.459115 0.271759 0.007812 0.019444 
1 0.554688 0.253704 0.008333 0.012963 
1 0.520833 0.292593 0.008333 0.014815 
1 0.510156 0.305093 0.009896 0.012037 
1 0.559115 0.300463 0.008854 0.013889 
1 0.559896 0.318519 0.007292 0.011111 
1 0.583073 0.298148 0.008854 0.012963 
1 0.592708 0.346759 0.007292 0.013889 
1 0.608854 0.287963 0.008333 0.011111 
1 0.617188 0.268056 0.007292 0.017593 
1 0.622656 0.279167 0.008854 0.015741 
1 0.639062 0.299074 0.009375 0.011111 
1 0.655729 0.262037 0.008333 0.009259 
1 0.6375 0.340278 0.007292 0.010185 
1 0.667448 0.350926 0.005729 0.016667 
1 0.695052 0.310648 0.007812 0.010185 
2 0.526042 0.325463 0.142708 0.128704 
2 0.652865 0.30787 0.096354 0.106481 
1 0.436458 0.518056 0.00625 0.010185 
1 0.476562 0.380093 0.008333 0.017593 
1 0.43151 0.499074 0.007812 0.012963 
1 0.410677 0.483796 0.007812 0.012037 
1 0.402344 0.500926 0.007812 0.012963 
1 0.402865 0.389815 0.009896 0.014815 
1 0.377865 0.563889 0.008854 0.014815 
2 0.414062 0.487963 0.085417 0.218519 
1 0.445833 0.41713 0.009375 0.013889 
1 0.449219 0.425463 0.007812 0.015741 
1 0.435417 0.44537 0.007292 0.012963 
1 0.448437 0.440741 0.007292 0.009259 
