1 0.139583 0.251852 0.036458 0.101852 
1 0.973177 0.957407 0.022396 0.012963 
1 0.636979 0.719907 0.010417 0.010185 
1 0.7625 0.758796 0.010417 0.008333 
1 0.946094 0.122222 0.043229 0.066667 
1 0.885417 0.15463 0.1 0.090741 
1 0.913281 0.304167 0.086979 0.134259 
1 0.820573 0.268981 0.059896 0.036111 
1 0.601302 0.646759 0.067187 0.069444 
1 0.54974 0.540278 0.078646 0.047222 
1 0.565885 0.523611 0.041146 0.015741 
1 0.475781 0.525926 0.055729 0.025926 
1 0.546615 0.399074 0.030729 0.092593 
1 0.402604 0.474537 0.010417 0.012037 
1 0.401042 0.421296 0.077083 0.094444 
1 0.33125 0.55463 0.028125 0.014815 
1 0.373698 0.604167 0.114062 0.099074 
1 0.363802 0.796759 0.045312 0.034259 
1 0.178125 0.956944 0.032292 0.034259 
1 0.220052 0.850463 0.048438 0.025 
1 0.232813 0.739815 0.046875 0.02037 
1 0.236198 0.708796 0.032813 0.043519 
1 0.026042 0.737963 0.009375 0.007407 
1 0.05 0.672685 0.010417 0.010185 
1 0.020052 0.374537 0.040104 0.013889 
1 0.128646 0.375926 0.040625 0.038889 
1 0.384635 0.229167 0.059896 0.093519 
1 0.13776 0.139815 0.080729 0.055556 
1 0.063542 0.348148 0.058333 0.037037 
