1 0.934896 0.620833 0.0375 0.052778 
1 0.692969 0.406019 0.093229 0.065741 
1 0.520052 0.486574 0.093229 0.126852 
1 0.85599 0.553241 0.056771 0.086111 
1 0.796875 0.543519 0.019792 0.02037 
1 0.10651 0.44213 0.043229 0.04537 
2 0.864323 0.498148 0.270313 0.37037 
2 0.220052 0.574074 0.440104 0.309259 
2 0.583073 0.603704 0.286979 0.37037 
1 0.979427 0.515278 0.017188 0.019444 
1 0.676562 0.543519 0.015625 0.02963 
1 0.635417 0.562963 0.0125 0.027778 
1 0.135677 0.473611 0.032813 0.049074 
1 0.13724 0.586574 0.010937 0.015741 
