1 0.120833 0.093519 0.047917 0.027778 
1 0.111198 0.056481 0.071354 0.098148 
1 0.353906 0.226852 0.026562 0.038889 
1 0.63099 0.172685 0.029687 0.043519 
1 0.74349 0.123611 0.060937 0.039815 
1 0.396875 0.300463 0.040625 0.025 
1 0.119792 0.607407 0.019792 0.016667 
1 0.264062 0.64537 0.034375 0.059259 
1 0.271875 0.902778 0.010417 0.012963 
1 0.432812 0.740278 0.009375 0.025 
1 0.584896 0.618519 0.0375 0.051852 
1 0.750781 0.563889 0.015104 0.018519 
1 0.611979 0.416204 0.038542 0.028704 
1 0.751302 0.415278 0.065104 0.041667 
1 0.847135 0.384722 0.034896 0.041667 
1 0.920312 0.584722 0.039583 0.032407 
1 0.86875 0.799074 0.033333 0.022222 
1 0.690885 0.691667 0.043229 0.022222 
1 0.702344 0.714352 0.035937 0.034259 
1 0.657031 0.711574 0.017188 0.012037 
