1 0.539323 0.20463 0.078646 0.1 
1 0.047917 0.135648 0.055208 0.058333 
1 0.142969 0.35787 0.029687 0.025 
1 0.04401 0.419907 0.084896 0.052778 
1 0.11849 0.472685 0.043229 0.028704 
1 0.229167 0.44537 0.067708 0.044444 
1 0.271875 0.421296 0.014583 0.016667 
1 0.058333 0.607407 0.036458 0.022222 
1 0.250781 0.65787 0.030729 0.043519 
1 0.154167 0.898148 0.025 0.053704 
1 0.015365 0.936574 0.030729 0.023148 
1 0.352604 0.572222 0.067708 0.033333 
1 0.41849 0.54213 0.039062 0.032407 
1 0.853125 0.331944 0.033333 0.023148 
1 0.945312 0.150926 0.05 0.031481 
1 0.908594 0.714815 0.031771 0.016667 
1 0.845833 0.858796 0.0125 0.010185 
1 0.609375 0.978704 0.008333 0.007407 
1 0.484896 0.786574 0.011458 0.012037 
1 0.569531 0.65463 0.020313 0.014815 
1 0.623698 0.663889 0.030729 0.02963 
1 0.632812 0.356944 0.051042 0.032407 
1 0.622396 0.374537 0.03125 0.073148 
