1 0.549479 0.573611 0.011458 0.028704 
1 0.636979 0.599074 0.019792 0.027778 
1 0.964844 0.88287 0.067187 0.036111 
1 0.690625 0.890741 0.05625 0.027778 
1 0.606771 0.748148 0.039583 0.022222 
1 0.021094 0.738889 0.042188 0.053704 
1 0.132552 0.556944 0.015104 0.025 
1 0.639844 0.680556 0.049479 0.05 
1 0.716667 0.577778 0.017708 0.02037 
1 0.784635 0.688426 0.045312 0.034259 
1 0.668229 0.43287 0.033333 0.019444 
1 0.64349 0.340741 0.016146 0.011111 
1 0.553385 0.292593 0.058854 0.088889 
1 0.323698 0.351852 0.052604 0.022222 
1 0.238021 0.081944 0.09375 0.162037 
1 0.089323 0.278241 0.118229 0.113889 
1 0.19974 0.422222 0.051562 0.014815 
1 0.118229 0.452315 0.013542 0.013889 
1 0.121875 0.524537 0.033333 0.037963 
1 0.301042 0.655093 0.029167 0.026852 
1 0.426042 0.597222 0.014583 0.018519 
1 0.478125 0.534259 0.010417 0.037037 
1 0.553906 0.52963 0.013021 0.037037 
1 0.569531 0.531944 0.007812 0.017593 
1 0.597396 0.590741 0.021875 0.044444 
1 0.764583 0.048611 0.090625 0.041667 
1 0.877083 0.130093 0.059375 0.039815 
1 0.953125 0.046759 0.036458 0.028704 
1 0.678125 0.044444 0.061458 0.088889 
1 0.61901 0.130093 0.057813 0.052778 
1 0.747396 0.115278 0.039583 0.067593 
1 0.795573 0.238889 0.033854 0.061111 
1 0.810417 0.473148 0.071875 0.040741 
1 0.85 0.295833 0.03125 0.037963 
1 0.873958 0.576852 0.092708 0.087037 
1 0.978646 0.514352 0.036458 0.082407 
