1 0.742969 0.638426 0.049479 0.076852 
1 0.655729 0.6 0.059375 0.066667 
1 0.61875 0.566667 0.039583 0.031481 
1 0.741406 0.230556 0.052604 0.081481 
1 0.567448 0.244907 0.016146 0.010185 
1 0.139583 0.1 0.00625 0.009259 
1 0.188281 0.328241 0.015104 0.017593 
1 0.129167 0.460185 0.023958 0.012963 
1 0.077083 0.529167 0.00625 0.006481 
1 0.21901 0.486574 0.028646 0.021296 
1 0.1875 0.40463 0.047917 0.035185 
1 0.517969 0.52037 0.027604 0.053704 
1 0.763802 0.506019 0.011979 0.010185 
1 0.567187 0.280556 0.059375 0.048148 
1 0.603906 0.317593 0.058854 0.075926 
1 0.677344 0.106481 0.072396 0.040741 
1 0.978646 0.769444 0.039583 0.055556 
1 0.945833 0.780556 0.057292 0.024074 
1 0.605469 0.958333 0.068229 0.025926 
1 0.644531 0.930556 0.038021 0.135185 
1 0.6875 0.837963 0.053125 0.040741 
1 0.366406 0.985185 0.028646 0.011111 
1 0.96849 0.677778 0.013021 0.012963 
