1 0.397656 0.754167 0.010937 0.017593 
1 0.841146 0.538426 0.065625 0.037963 
1 0.765365 0.657407 0.044271 0.037037 
1 0.705729 0.44213 0.040625 0.034259 
1 0.679167 0.743519 0.010417 0.012963 
1 0.610156 0.667593 0.044271 0.027778 
1 0.498177 0.688426 0.035937 0.017593 
1 0.53125 0.624537 0.035417 0.060185 
1 0.30651 0.90463 0.009896 0.016667 
1 0.286198 0.518981 0.023438 0.041667 
1 0.539844 0.126852 0.030729 0.062963 
1 0.36276 0.0375 0.073438 0.073148 
1 0.292187 0.1 0.036458 0.025926 
1 0.170573 0.211111 0.035937 0.05 
1 0.021094 0.472222 0.042188 0.024074 
1 0.948698 0.547222 0.014063 0.016667 
1 0.876302 0.252778 0.063021 0.038889 
1 0.798177 0.067593 0.035937 0.05 
