1 0.56901 0.528704 0.024479 0.02037 
1 0.011719 0.122685 0.023438 0.030556 
1 0.047396 0.451852 0.022917 0.012963 
1 0.091927 0.499074 0.009896 0.016667 
1 0.078385 0.480556 0.028646 0.012963 
1 0.241146 0.55463 0.01875 0.012963 
1 0.26875 0.51713 0.011458 0.010185 
1 0.242188 0.426389 0.022917 0.021296 
1 0.794271 0.448148 0.028125 0.014815 
1 0.641667 0.464815 0.029167 0.014815 
1 0.524479 0.424074 0.023958 0.048148 
1 0.432292 0.434259 0.017708 0.012963 
1 0.41276 0.402778 0.030729 0.035185 
1 0.353646 0.305093 0.016667 0.034259 
1 0.24349 0.206019 0.017188 0.017593 
1 0.238542 0.179167 0.030208 0.013889 
1 0.423438 0.274537 0.0125 0.012037 
1 0.400781 0.268056 0.011979 0.017593 
1 0.404948 0.231944 0.016146 0.021296 
1 0.511458 0.314352 0.026042 0.010185 
1 0.583594 0.162963 0.020313 0.014815 
1 0.631771 0.30463 0.028125 0.033333 
1 0.743229 0.349537 0.030208 0.04537 
1 0.823438 0.235648 0.022917 0.030556 
1 0.817448 0.130093 0.020313 0.026852 
1 0.565365 0.613889 0.026562 0.016667 
1 0.552083 0.646296 0.029167 0.02963 
1 0.440104 0.600926 0.025 0.012963 
1 0.376563 0.614352 0.016667 0.006481 
1 0.386198 0.654167 0.008854 0.021296 
1 0.433073 0.623611 0.026562 0.025 
1 0.946875 0.625463 0.013542 0.013889 
1 0.805729 0.551852 0.015625 0.016667 
1 0.457292 0.572685 0.021875 0.012037 
1 0.500521 0.464352 0.011458 0.008333 
1 0.495052 0.494907 0.009896 0.006481 
1 0.433333 0.522222 0.023958 0.018519 
1 0.55599 0.547685 0.021354 0.012037 
1 0.711458 0.593519 0.03125 0.012963 
