1 0.84375 0.470982 0.1875 0.102679 
1 0.332589 0.345982 0.147321 0.049107 
1 0.511161 0.357143 0.165179 0.098214 
1 0.792411 0.267857 0.200893 0.107143 
1 0.924107 0.323661 0.142857 0.084821 
1 0.671875 0.502232 0.183036 0.049107 
1 0.15625 0.459821 0.160714 0.053571 
1 0.066964 0.359375 0.133929 0.040179 
1 0.107143 0.53125 0.125 0.071429 
1 0.236607 0.555804 0.169643 0.09375 
1 0.357143 0.455357 0.116071 0.035714 
1 0.582589 0.654018 0.21875 0.120536 
1 0.616071 0.6875 0.232143 0.053571 
1 0.801339 0.575893 0.209821 0.080357 
1 0.861607 0.6875 0.205357 0.080357 
1 0.258929 0.629464 0.1875 0.044643 
