1 0.488839 0.459821 0.049107 0.089286 
1 0.671875 0.508929 0.058036 0.098214 
1 0.638393 0.348214 0.044643 0.071429 
1 0.616071 0.220982 0.0625 0.084821 
1 0.654018 0.779018 0.049107 0.075893 
1 0.252232 0.428571 0.049107 0.098214 
1 0.066964 0.497768 0.0625 0.09375 
1 0.111607 0.330357 0.053571 0.080357 
1 0.03125 0.220982 0.053571 0.084821 
1 0.515625 0.229911 0.058036 0.058036 
1 0.587054 0.667411 0.049107 0.084821 
1 0.553571 0.600446 0.044643 0.075893 
1 0.457589 0.591518 0.049107 0.075893 
1 0.386161 0.689732 0.040179 0.075893 
1 0.3125 0.767857 0.053571 0.071429 
1 0.229911 0.705357 0.058036 0.098214 
1 0.372768 0.591518 0.049107 0.058036 
1 0.363839 0.511161 0.049107 0.075893 
