1 0.902083 0.699537 0.009375 0.010185 
1 0.932031 0.827315 0.013021 0.010185 
1 0.567448 0.280093 0.032813 0.025 
1 0.969531 0.046759 0.011979 0.041667 
1 0.699479 0.121296 0.011458 0.018519 
1 0.476042 0.249074 0.013542 0.012963 
1 0.342448 0.127315 0.014063 0.037963 
1 0.515625 0.54213 0.013542 0.008333 
1 0.483333 0.569444 0.015625 0.038889 
1 0.177083 0.509722 0.016667 0.010185 
1 0.154688 0.525463 0.014583 0.010185 
1 0.136198 0.59537 0.011979 0.009259 
1 0.169271 0.630093 0.036458 0.019444 
1 0.238542 0.672222 0.026042 0.014815 
1 0.344792 0.659722 0.009375 0.012037 
1 0.38724 0.678241 0.006771 0.010185 
1 0.325781 0.545833 0.006771 0.010185 
1 0.595833 0.687037 0.010417 0.02037 
1 0.621354 0.776389 0.009375 0.021296 
1 0.048438 0.777315 0.013542 0.010185 
1 0.21901 0.721759 0.009896 0.008333 
1 0.317188 0.727315 0.010417 0.008333 
1 0.023958 0.783796 0.014583 0.019444 
1 0.008854 0.785185 0.015625 0.012963 
1 0.067448 0.849074 0.030729 0.014815 
1 0.178646 0.872222 0.011458 0.011111 
1 0.252344 0.87037 0.010937 0.018519 
1 0.229948 0.916204 0.009896 0.010185 
1 0.208073 0.962037 0.006771 0.012963 
1 0.440625 0.803704 0.009375 0.009259 
1 0.091146 0.006944 0.009375 0.013889 
1 0.576562 0.795833 0.0125 0.015741 
1 0.615885 0.87963 0.007812 0.012963 
1 0.555208 0.902315 0.010417 0.013889 
1 0.429688 0.904167 0.005208 0.013889 
1 0.770573 0.968981 0.016146 0.010185 
