1 0.313802 0.538426 0.009896 0.010185 
1 0.601562 0.414352 0.034375 0.023148 
1 0.741406 0.161111 0.011979 0.014815 
1 0.936719 0.243056 0.017188 0.04537 
1 0.444792 0.283333 0.0125 0.018519 
1 0.314063 0.128704 0.011458 0.042593 
1 0.009115 0.314352 0.018229 0.043519 
1 0.167708 0.481481 0.015625 0.012963 
1 0.140625 0.521296 0.016667 0.012963 
1 0.185156 0.606019 0.035937 0.021296 
1 0.141927 0.591204 0.011979 0.012037 
1 0.236458 0.649537 0.027083 0.012037 
1 0.044271 0.663426 0.007292 0.010185 
1 0.066406 0.769907 0.013021 0.013889 
1 0.051562 0.782407 0.014583 0.022222 
1 0.033073 0.784722 0.019271 0.013889 
1 0.075781 0.817593 0.032813 0.018519 
1 0.208594 0.70787 0.011979 0.013889 
1 0.322917 0.706481 0.011458 0.011111 
1 0.333073 0.638889 0.008854 0.012963 
1 0.375781 0.663426 0.009896 0.010185 
1 0.561979 0.581944 0.013542 0.041667 
1 0.547917 0.598611 0.014583 0.013889 
1 0.63776 0.712037 0.008854 0.025926 
1 0.229167 0.851389 0.011458 0.013889 
1 0.161458 0.858333 0.013542 0.012963 
1 0.117969 0.894444 0.011979 0.011111 
1 0.229687 0.900926 0.0125 0.012963 
1 0.170573 0.952778 0.008854 0.012963 
1 0.417969 0.901852 0.005729 0.016667 
1 0.439844 0.792593 0.010937 0.011111 
1 0.480208 0.869907 0.016667 0.010185 
1 0.536719 0.785185 0.010937 0.012963 
1 0.567448 0.935648 0.010937 0.015741 
1 0.64401 0.884722 0.014063 0.010185 
1 0.65651 0.776852 0.009896 0.024074 
1 0.743229 0.938889 0.008333 0.011111 
1 0.917448 0.832407 0.015104 0.009259 
