1 0.438802 0.77963 0.009896 0.011111 
1 0.877083 0.302315 0.017708 0.050926 
1 0.413021 0.313426 0.010417 0.017593 
1 0.239063 0.324074 0.00625 0.007407 
1 0.054427 0.278704 0.017188 0.044444 
1 0.079167 0.302778 0.022917 0.048148 
1 0.284635 0.130556 0.010937 0.037037 
1 0.784115 0.198148 0.006771 0.016667 
1 0.1625 0.451852 0.019792 0.014815 
1 0.127083 0.5125 0.017708 0.019444 
1 0.302083 0.524537 0.007292 0.012037 
1 0.200781 0.572685 0.032813 0.017593 
1 0.148958 0.581481 0.01875 0.012963 
1 0.014583 0.651852 0.007292 0.009259 
1 0.233594 0.633333 0.024479 0.014815 
1 0.971094 0.752315 0.007812 0.010185 
1 0.903385 0.834722 0.013021 0.013889 
1 0.630469 0.527315 0.029687 0.023148 
1 0.6375 0.605093 0.013542 0.041667 
1 0.678906 0.742593 0.007812 0.018519 
1 0.69349 0.781019 0.008854 0.025 
1 0.715885 0.94213 0.005729 0.010185 
1 0.670312 0.894444 0.014583 0.011111 
1 0.57474 0.968519 0.009896 0.009259 
1 0.581771 0.648611 0.010417 0.010185 
1 0.503906 0.769444 0.008854 0.009259 
1 0.504948 0.856481 0.011979 0.012963 
1 0.322396 0.611111 0.011458 0.007407 
1 0.365365 0.649074 0.009896 0.011111 
1 0.328385 0.683333 0.009896 0.007407 
1 0.199479 0.693056 0.011458 0.012037 
1 0.407552 0.902315 0.007812 0.015741 
1 0.208594 0.833333 0.010937 0.016667 
1 0.232813 0.894444 0.010417 0.011111 
1 0.145573 0.840278 0.010937 0.008333 
1 0.09974 0.884259 0.008854 0.009259 
1 0.132031 0.943519 0.006771 0.012963 
1 0.086198 0.760185 0.014063 0.016667 
1 0.085417 0.783796 0.032292 0.019444 
1 0.063802 0.782407 0.019271 0.016667 
