1 0.767448 0.706481 0.077604 0.072222 
1 0.960938 0.768519 0.075 0.046296 
1 0.96901 0.373148 0.041146 0.077778 
1 0.971875 0.423148 0.041667 0.018519 
1 0.821354 0.543981 0.022917 0.025 
1 0.366927 0.066667 0.088021 0.127778 
1 0.405208 0.276852 0.047917 0.074074 
1 0.140885 0.284722 0.080729 0.113889 
1 0.042708 0.579167 0.08125 0.093519 
1 0.123177 0.600926 0.061979 0.07037 
1 0.171094 0.568056 0.030729 0.089815 
1 0.253646 0.755093 0.060417 0.128704 
1 0.311198 0.543056 0.029687 0.032407 
1 0.322917 0.569907 0.03125 0.023148 
1 0.438802 0.463889 0.056771 0.053704 
1 0.501302 0.401389 0.040104 0.082407 
1 0.536458 0.450463 0.014583 0.026852 
1 0.55599 0.508796 0.017188 0.039815 
1 0.415365 0.637037 0.040104 0.040741 
1 0.455729 0.655093 0.051042 0.025 
1 0.484115 0.616667 0.024479 0.022222 
1 0.620833 0.587037 0.060417 0.075926 
1 0.629948 0.549537 0.046354 0.063889 
1 0.634635 0.505556 0.066146 0.042593 
1 0.888021 0.781019 0.047917 0.039815 
1 0.678125 0.193519 0.045833 0.027778 
1 0.766406 0.268056 0.034896 0.034259 
1 0.820833 0.455556 0.080208 0.105556 
1 0.901563 0.459722 0.091667 0.034259 
