1 0.79974 0.811574 0.008854 0.012037 
1 0.909635 0.817593 0.009896 0.012963 
1 0.25625 0.515278 0.15 0.075 
1 0.257552 0.473148 0.056771 0.187037 
1 0.703125 0.396296 0.009375 0.009259 
1 0.636458 0.914352 0.082292 0.14537 
1 0.613021 0.866204 0.130208 0.117593 
1 0.415885 0.808333 0.070312 0.05 
1 0.388021 0.621296 0.107292 0.085185 
1 0.124219 0.69537 0.069271 0.044444 
1 0.224219 0.638889 0.190104 0.051852 
1 0.308854 0.530093 0.048958 0.097222 
1 0.459896 0.426389 0.05 0.032407 
1 0.626302 0.288889 0.128646 0.072222 
1 0.873437 0.206019 0.079167 0.052778 
