1 0.78099 0.28287 0.019271 0.025 
1 0.750521 0.393519 0.01875 0.022222 
1 0.932552 0.386574 0.017188 0.025 
1 0.858333 0.426389 0.019792 0.017593 
1 0.822656 0.489352 0.017188 0.013889 
1 0.642448 0.500926 0.023438 0.031481 
1 0.658073 0.532407 0.020313 0.022222 
1 0.647917 0.628704 0.022917 0.018519 
1 0.751823 0.922222 0.025521 0.02037 
1 0.54401 0.8125 0.026562 0.032407 
1 0.728906 0.725926 0.025521 0.02037 
1 0.492448 0.201852 0.017188 0.018519 
1 0.532031 0.153704 0.020313 0.024074 
1 0.669271 0.078704 0.017708 0.024074 
1 0.64349 0.161111 0.020313 0.016667 
1 0.653646 0.233796 0.020833 0.025 
1 0.710156 0.248148 0.019271 0.018519 
1 0.71875 0.016667 0.017708 0.014815 
1 0.807031 0.010648 0.018229 0.021296 
1 0.882031 0.106019 0.017188 0.023148 
1 0.896615 0.172222 0.020313 0.014815 
1 0.519271 0.229167 0.01875 0.023148 
1 0.525521 0.309722 0.017708 0.012037 
1 0.679167 0.316667 0.019792 0.014815 
1 0.585417 0.456481 0.017708 0.014815 
1 0.394792 0.087037 0.021875 0.018519 
1 0.402344 0.113889 0.019271 0.024074 
1 0.436198 0.050926 0.016146 0.025926 
1 0.510417 0.049074 0.019792 0.024074 
1 0.515104 0.00787 0.01875 0.013889 
1 0.554167 0.034722 0.017708 0.019444 
1 0.596875 0.009259 0.021875 0.016667 
1 0.622917 0.058796 0.017708 0.028704 
1 0.496354 0.100463 0.019792 0.025 
1 0.458073 0.144907 0.019271 0.017593 
1 0.451562 0.189352 0.019792 0.015741 
