1 0.140365 0.373148 0.051562 0.087037 
1 0.1125 0.44213 0.044792 0.043519 
1 0.186198 0.568981 0.044271 0.052778 
1 0.271615 0.465278 0.025521 0.058333 
1 0.40625 0.675 0.023958 0.048148 
1 0.138021 0.648148 0.021875 0.027778 
1 0.115104 0.151389 0.011458 0.015741 
1 0.948438 0.543981 0.061458 0.034259 
1 0.779427 0.036111 0.038021 0.061111 
1 0.933594 0.055556 0.056771 0.081481 
1 0.870052 0.213889 0.049479 0.081481 
1 0.734635 0.295833 0.016146 0.026852 
1 0.566927 0.599537 0.044271 0.023148 
1 0.585156 0.531944 0.047396 0.032407 
1 0.645573 0.37037 0.008854 0.011111 
1 0.609375 0.343056 0.063542 0.050926 
1 0.492969 0.380093 0.031771 0.028704 
1 0.258854 0.124537 0.060417 0.063889 
1 0.459896 0.39213 0.033333 0.028704 
1 0.308073 0.160185 0.063021 0.059259 
1 0.338281 0.210648 0.031771 0.086111 
1 0.371094 0.323611 0.105729 0.191667 
1 0.395313 0.412963 0.023958 0.037037 
1 0.258594 0.335185 0.043229 0.066667 
