1 0.729427 0.443056 0.027604 0.015741 
1 0.696094 0.518981 0.018229 0.028704 
1 0.697656 0.580093 0.033854 0.043519 
1 0.301823 0.491204 0.018229 0.013889 
1 0.064323 0.433333 0.022396 0.022222 
1 0.175 0.520833 0.015625 0.021296 
1 0.122656 0.559259 0.020313 0.014815 
1 0.153385 0.588426 0.013021 0.012037 
1 0.588021 0.297685 0.021875 0.032407 
1 0.283854 0.368056 0.078125 0.106481 
1 0.233594 0.408796 0.016146 0.073148 
1 0.184375 0.368981 0.040625 0.026852 
1 0.418229 0.379167 0.014583 0.026852 
1 0.45599 0.411111 0.023438 0.02037 
1 0.517969 0.409722 0.015104 0.013889 
1 0.383594 0.262037 0.021354 0.016667 
1 0.265365 0.168056 0.029687 0.019444 
1 0.234635 0.139815 0.018229 0.053704 
1 0.304948 0.172685 0.009896 0.006481 
1 0.522656 0.491204 0.013021 0.028704 
1 0.604427 0.483333 0.026562 0.014815 
1 0.613802 0.512037 0.018229 0.02963 
1 0.550521 0.575926 0.027083 0.012963 
1 0.490104 0.578241 0.013542 0.023148 
1 0.45599 0.582407 0.024479 0.014815 
1 0.446354 0.590741 0.007292 0.016667 
1 0.401823 0.537037 0.029687 0.02963 
1 0.429948 0.493981 0.023438 0.019444 
1 0.372135 0.561574 0.022396 0.013889 
1 0.348177 0.589352 0.016146 0.015741 
1 0.371094 0.618519 0.011979 0.011111 
1 0.397917 0.650463 0.017708 0.025 
1 0.53776 0.081481 0.013021 0.02037 
1 0.626563 0.181944 0.023958 0.013889 
1 0.706771 0.17963 0.015625 0.014815 
1 0.70599 0.221296 0.034896 0.025926 
1 0.929948 0.31713 0.034896 0.025 
1 0.91276 0.555093 0.011979 0.015741 
1 0.67474 0.474537 0.025521 0.015741 
