1 0.651786 0.729911 0.0625 0.03125 
1 0.736607 0.65625 0.071429 0.026786 
1 0.591518 0.587054 0.066964 0.022321 
1 0.662946 0.676339 0.058036 0.022321 
1 0.319196 0.694196 0.084821 0.03125 
1 0.212054 0.732143 0.040179 0.035714 
1 0.4375 0.238839 0.071429 0.03125 
1 0.28125 0.270089 0.071429 0.049107 
1 0.948661 0.245536 0.066964 0.071429 
1 0.595982 0.337054 0.084821 0.03125 
1 0.261161 0.464286 0.09375 0.044643 
1 0.046875 0.319196 0.09375 0.066964 
1 0.765625 0.584821 0.102679 0.017857 
1 0.921875 0.616071 0.075893 0.035714 
1 0.9375 0.330357 0.044643 0.053571 
1 0.825893 0.502232 0.080357 0.03125 
1 0.470982 0.535714 0.084821 0.080357 
1 0.091518 0.551339 0.066964 0.066964 
1 0.691964 0.732143 0.071429 0.053571 
