1 0.794531 0.389352 0.008854 0.006481 
1 0.646615 0.399537 0.033854 0.036111 
1 0.820312 0.496296 0.023958 0.016667 
1 0.866406 0.500463 0.038021 0.052778 
1 0.935937 0.520833 0.035417 0.025 
1 0.610938 0.734259 0.033333 0.025926 
1 0.659635 0.691667 0.035937 0.031481 
1 0.668229 0.60463 0.028125 0.027778 
1 0.258854 0.53287 0.038542 0.04537 
1 0.30599 0.533796 0.032813 0.041667 
1 0.317448 0.515741 0.041146 0.02037 
1 0.40625 0.505556 0.051042 0.027778 
1 0.366146 0.543519 0.0375 0.033333 
1 0.359375 0.571296 0.034375 0.038889 
1 0.32526 0.556019 0.033854 0.036111 
1 0.33776 0.612963 0.033854 0.033333 
1 0.698438 0.478241 0.025 0.017593 
1 0.632812 0.51713 0.027083 0.026852 
1 0.432292 0.551389 0.039583 0.028704 
1 0.461198 0.556019 0.021354 0.010185 
2 0.748698 0.51713 0.166146 0.115741 
2 0.542708 0.498611 0.134375 0.134259 
2 0.355208 0.573611 0.235417 0.163889 
1 0.570833 0.525926 0.020833 0.014815 
1 0.595573 0.521296 0.027604 0.016667 
1 0.57526 0.546296 0.020313 0.014815 
1 0.54349 0.536111 0.040104 0.033333 
1 0.523958 0.494907 0.034375 0.026852 
1 0.747396 0.483796 0.05 0.047222 
1 0.510417 0.551389 0.020833 0.015741 
1 0.38099 0.606944 0.028646 0.028704 
1 0.363542 0.609259 0.020833 0.011111 
1 0.373698 0.620833 0.025521 0.013889 
1 0.402604 0.637037 0.028125 0.018519 
1 0.429688 0.640741 0.023958 0.025926 
1 0.405208 0.599074 0.022917 0.016667 
1 0.674479 0.550463 0.017708 0.017593 
1 0.761458 0.54537 0.015625 0.012963 
1 0.795312 0.560185 0.033333 0.031481 
1 0.486979 0.558333 0.019792 0.009259 
1 0.552865 0.443981 0.031771 0.023148 
1 0.810417 0.112037 0.011458 0.018519 
1 0.946354 0.281019 0.051042 0.037963 
1 0.967708 0.347685 0.040625 0.036111 
1 0.880469 0.378704 0.038021 0.022222 
