1 0.276316 0.446759 0.019737 0.006481 
1 0.537007 0.165741 0.014803 0.014815 
1 0.478618 0.171296 0.016447 0.011111 
1 0.459704 0.186574 0.011513 0.010185 
1 0.375822 0.176389 0.018092 0.013889 
1 0.228618 0.194444 0.016447 0.012963 
1 0.15625 0.240741 0.023026 0.005556 
1 0.243421 0.259259 0.019737 0.011111 
1 0.408717 0.238889 0.014803 0.016667 
1 0.529605 0.208333 0.019737 0.011111 
1 0.518914 0.220833 0.014803 0.012037 
1 0.51398 0.23287 0.018092 0.012037 
1 0.541118 0.233333 0.019737 0.012963 
1 0.590461 0.239815 0.013158 0.007407 
1 0.587993 0.256481 0.014803 0.012963 
1 0.619243 0.264815 0.011513 0.009259 
1 0.634868 0.269444 0.009868 0.005556 
1 0.65625 0.269907 0.013158 0.006481 
1 0.688322 0.241204 0.014803 0.008333 
1 0.740954 0.24537 0.021382 0.009259 
1 0.797697 0.25 0.009868 0.011111 
1 0.751645 0.263889 0.013158 0.009259 
1 0.848684 0.219444 0.019737 0.007407 
1 0.949013 0.205556 0.013158 0.009259 
1 0.973684 0.242593 0.013158 0.012963 
1 0.426809 0.260648 0.014803 0.013889 
1 0.391447 0.271759 0.023026 0.010185 
1 0.362664 0.263426 0.011513 0.006481 
1 0.426809 0.278704 0.021382 0.007407 
1 0.54523 0.250463 0.011513 0.010185 
1 0.578125 0.285648 0.011513 0.010185 
1 0.429276 0.301389 0.016447 0.012037 
1 0.461349 0.296296 0.018092 0.011111 
1 0.495888 0.304167 0.011513 0.012037 
1 0.315789 0.336111 0.019737 0.011111 
1 0.273849 0.34213 0.018092 0.008333 
1 0.546875 0.321296 0.011513 0.007407 
1 0.541941 0.343056 0.011513 0.010185 
1 0.203947 0.336111 0.016447 0.011111 
1 0.296875 0.353241 0.018092 0.010185 
1 0.096217 0.336574 0.014803 0.008333 
1 0.083882 0.364352 0.026316 0.010185 
1 0.052632 0.371296 0.016447 0.012963 
1 0.121711 0.365278 0.016447 0.006481 
1 0.222862 0.364352 0.014803 0.008333 
1 0.138158 0.384722 0.019737 0.010185 
1 0.249178 0.386574 0.018092 0.010185 
1 0.284539 0.379167 0.019737 0.006481 
1 0.381579 0.36713 0.013158 0.008333 
1 0.674342 0.348611 0.013158 0.008333 
1 0.70148 0.373148 0.018092 0.005556 
1 0.713816 0.389352 0.009868 0.010185 
1 0.165296 0.423611 0.018092 0.010185 
1 0.222039 0.413889 0.016447 0.003704 
1 0.300987 0.401389 0.016447 0.012037 
1 0.402138 0.380093 0.011513 0.006481 
1 0.476151 0.378241 0.018092 0.006481 
1 0.1875 0.399537 0.023026 0.008333 
1 0.189145 0.408333 0.013158 0.005556 
1 0.224507 0.422685 0.018092 0.008333 
1 0.430099 0.431481 0.014803 0.007407 
1 0.390625 0.436111 0.011513 0.005556 
1 0.8125 0.379167 0.023026 0.006481 
1 0.848684 0.385185 0.009868 0.007407 
1 0.765625 0.391667 0.014803 0.005556 
1 0.758224 0.424074 0.009868 0.011111 
1 0.616776 0.418981 0.013158 0.010185 
1 0.697368 0.449537 0.019737 0.010185 
1 0.080592 0.447222 0.019737 0.011111 
1 0.074836 0.464352 0.014803 0.008333 
1 0.066612 0.478241 0.011513 0.008333 
1 0.120066 0.514352 0.023026 0.008333 
1 0.241776 0.526389 0.013158 0.006481 
1 0.26727 0.491667 0.011513 0.009259 
1 0.291941 0.485648 0.018092 0.006481 
1 0.296053 0.475926 0.013158 0.005556 
1 0.352796 0.452778 0.018092 0.012963 
1 0.474507 0.474074 0.014803 0.012963 
1 0.646382 0.498611 0.009868 0.010185 
1 0.667763 0.493981 0.009868 0.010185 
1 0.736842 0.494444 0.009868 0.009259 
1 0.745888 0.518981 0.014803 0.012037 
1 0.777961 0.512037 0.013158 0.011111 
1 0.793586 0.493981 0.014803 0.008333 
1 0.824836 0.491204 0.011513 0.012037 
1 0.452303 0.621296 0.009868 0.009259 
1 0.488487 0.618519 0.009868 0.009259 
2 0.393914 0.269907 0.172697 0.086111 
2 0.592928 0.238426 0.212171 0.075 
2 0.181743 0.381481 0.287829 0.101852 
2 0.359375 0.49537 0.205592 0.109259 
2 0.610197 0.521759 0.289474 0.163889 
2 0.807566 0.391667 0.279605 0.094444 
2 0.865954 0.509259 0.222039 0.138889 
2 0.361842 0.597222 0.207237 0.088889 
