1 0.840885 0.615278 0.010937 0.019444 
1 0.983854 0.744444 0.027083 0.035185 
1 0.954688 0.762963 0.04375 0.027778 
1 0.952344 0.838426 0.070312 0.065741 
1 0.796354 0.431944 0.090625 0.115741 
1 0.489323 0.506019 0.047396 0.023148 
1 0.747917 0.531019 0.010417 0.010185 
1 0.482031 0.608333 0.036979 0.055556 
1 0.508854 0.53287 0.052083 0.119444 
1 0.160938 0.112963 0.00625 0.007407 
1 0.442448 0.674537 0.069271 0.091667 
1 0.065885 0.443056 0.020313 0.010185 
1 0.164844 0.471296 0.027604 0.016667 
1 0.229167 0.428241 0.019792 0.013889 
1 0.283594 0.413426 0.036979 0.025 
1 0.092969 0.89537 0.048438 0.101852 
1 0.291667 0.952315 0.06875 0.089815 
1 0.545573 0.927778 0.065104 0.024074 
1 0.651302 0.74213 0.090104 0.043519 
1 0.529687 0.277315 0.016667 0.012037 
1 0.551823 0.070833 0.059896 0.039815 
1 0.933073 0.233333 0.084896 0.094444 
1 0.774219 0.245833 0.090104 0.108333 
