1 0.338333 0.14881 0.016667 0.02381 
1 0.625 0.738095 0.016667 0.035714 
1 0.576667 0.440476 0.013333 0.035714 
1 0.481667 0.431548 0.016667 0.029762 
1 0.415 0.565476 0.016667 0.02381 
1 0.341667 0.502976 0.01 0.029762 
1 0.4 0.458333 0.02 0.02381 
1 0.373333 0.422619 0.013333 0.035714 
1 0.361667 0.345238 0.016667 0.035714 
2 0.606667 0.934524 0.08 0.119048 
2 0.67 0.616071 0.08 0.208333 
2 0.478333 0.699405 0.176667 0.375 
2 0.23 0.610119 0.14 0.113095 
1 0.483333 0.229167 0.02 0.041667 
1 0.481667 0.366071 0.016667 0.041667 
1 0.335 0.592262 0.01 0.029762 
1 0.421667 0.666667 0.01 0.035714 
1 0.545 0.723214 0.01 0.017857 
1 0.591667 0.708333 0.01 0.035714 
1 0.683333 0.645833 0.013333 0.029762 
1 0.188333 0.324405 0.023333 0.017857 
1 0.318333 0.154762 0.023333 0.035714 
2 0.276667 0.863095 0.153333 0.261905 
