1 0.183594 0.464352 0.047396 0.025 
1 0.720573 0.688426 0.030729 0.023148 
1 0.531771 0.425463 0.025 0.050926 
1 0.63151 0.322222 0.048438 0.027778 
1 0.490885 0.203241 0.061979 0.130556 
1 0.389062 0.528704 0.0375 0.035185 
1 0.410417 0.551852 0.067708 0.038889 
1 0.343229 0.747222 0.029167 0.02963 
1 0.947135 0.353241 0.029687 0.013889 
1 0.535677 0.640741 0.017188 0.011111 
1 0.50599 0.787963 0.013021 0.012963 
1 0.841927 0.85 0.014063 0.011111 
1 0.948177 0.820833 0.040104 0.015741 
1 0.223438 0.413426 0.073958 0.049074 
1 0.182031 0.444907 0.014063 0.013889 
1 0.161719 0.571759 0.038021 0.025 
1 0.097656 0.875 0.057813 0.053704 
1 0.049479 0.923611 0.035417 0.023148 
1 0.16224 0.94213 0.049479 0.032407 
1 0.086458 0.758796 0.009375 0.008333 
1 0.129948 0.313889 0.029687 0.014815 
1 0.120833 0.151852 0.054167 0.038889 
1 0.054427 0.083796 0.032813 0.025 
