1 0.77 0.339286 0.066667 0.059524 
2 0.213333 0.470238 0.26 0.321429 
1 0.253333 0.613095 0.08 0.035714 
1 0.305 0.47619 0.076667 0.047619 
1 0.466667 0.577381 0.08 0.059524 
1 0.556667 0.360119 0.053333 0.053571 
1 0.715 0.383929 0.07 0.053571 
1 0.831667 0.303571 0.083333 0.047619 
1 0.848333 0.116071 0.076667 0.053571 
1 0.403333 0.232143 0.073333 0.047619 
1 0.363333 0.166667 0.086667 0.047619 
1 0.118333 0.157738 0.083333 0.077381 
1 0.121667 0.333333 0.083333 0.047619 
1 0.246667 0.357143 0.073333 0.059524 
1 0.158333 0.425595 0.056667 0.041667 
