2 0.525 0.687963 0.054167 0.068519 
1 0.315365 0.200463 0.063021 0.086111 
1 0.18125 0.414352 0.080208 0.041667 
1 0.585417 0.489352 0.04375 0.050926 
1 0.416667 0.821759 0.096875 0.113889 
1 0.886458 0.664352 0.032292 0.049074 
2 0.141146 0.33287 0.271875 0.263889 
2 0.419531 0.486111 0.140104 0.244444 
2 0.189323 0.652778 0.378646 0.231481 
2 0.779687 0.316667 0.155208 0.253704 
2 0.785156 0.652778 0.246354 0.125926 
2 0.606771 0.556481 0.09375 0.096296 
1 0.909115 0.074074 0.072396 0.081481 
1 0.817708 0.116667 0.039583 0.05 
1 0.592708 0.083796 0.042708 0.069444 
1 0.580729 0.403704 0.022917 0.025926 
1 0.921354 0.411111 0.059375 0.131481 
1 0.394531 0.635648 0.013021 0.019444 
1 0.663542 0.023611 0.040625 0.036111 
