1 0.089583 0.268056 0.010417 0.012037 
1 0.530208 0.056944 0.064583 0.050926 
1 0.328646 0.112037 0.023958 0.035185 
1 0.127083 0.08287 0.039583 0.091667 
1 0.1625 0.088889 0.058333 0.081481 
1 0.358333 0.368981 0.04375 0.050926 
1 0.688021 0.419907 0.058333 0.062037 
1 0.772917 0.281019 0.057292 0.023148 
1 0.773958 0.242593 0.035417 0.046296 
1 0.953385 0.26713 0.043229 0.078704 
1 0.889844 0.349074 0.024479 0.02037 
1 0.464583 0.476852 0.053125 0.046296 
1 0.535156 0.627315 0.031771 0.028704 
1 0.861458 0.535648 0.048958 0.069444 
1 0.067187 0.499537 0.020833 0.039815 
1 0.448958 0.766667 0.061458 0.057407 
1 0.617188 0.719444 0.027083 0.040741 
1 0.688281 0.778241 0.063021 0.037963 
1 0.836458 0.585185 0.045833 0.044444 
1 0.560677 0.938426 0.043229 0.086111 
1 0.783073 0.70463 0.103646 0.07963 
1 0.864062 0.644444 0.023958 0.048148 
1 0.973958 0.37963 0.052083 0.02963 
1 0.952083 0.426852 0.026042 0.046296 
1 0.385677 0.190278 0.009896 0.008333 
