1 0.222396 0.601389 0.048958 0.099074 
1 0.073698 0.038426 0.042188 0.028704 
1 0.129427 0.128704 0.052604 0.1 
1 0.092448 0.231019 0.068229 0.112037 
1 0.018229 0.505556 0.022917 0.033333 
1 0.26901 0.206019 0.035937 0.012037 
1 0.486458 0.062963 0.029167 0.02037 
1 0.611719 0.022222 0.061979 0.035185 
1 0.602344 0.168519 0.047396 0.027778 
1 0.602344 0.27037 0.009896 0.018519 
1 0.365104 0.485185 0.08125 0.1 
1 0.309375 0.453241 0.009375 0.00463 
1 0.627344 0.451852 0.010937 0.011111 
1 0.333854 0.678704 0.130208 0.138889 
1 0.330469 0.623148 0.010937 0.037037 
1 0.450521 0.686111 0.01875 0.037037 
1 0.651042 0.650463 0.032292 0.065741 
1 0.652865 0.495833 0.010937 0.015741 
1 0.730729 0.518056 0.042708 0.069444 
1 0.763021 0.477315 0.010417 0.019444 
1 0.900521 0.306019 0.033333 0.017593 
1 0.924219 0.205556 0.079687 0.033333 
1 0.965885 0.365278 0.068229 0.047222 
1 0.758333 0.732407 0.071875 0.053704 
1 0.858333 0.796759 0.067708 0.023148 
1 0.798958 0.90463 0.045833 0.081481 
1 0.646094 0.480093 0.011979 0.008333 
