1 0.172619 0.496667 0.035714 0.013333 
1 0.285714 0.2 0.083333 0.073333 
1 0.505952 0.251667 0.059524 0.063333 
1 0.568452 0.191667 0.065476 0.096667 
1 0.723214 0.271667 0.172619 0.09 
1 0.089286 0.328333 0.047619 0.043333 
1 0.238095 0.376667 0.035714 0.04 
1 0.33631 0.358333 0.077381 0.043333 
1 0.949405 0.321667 0.065476 0.056667 
1 0.827381 0.385 0.107143 0.036667 
1 0.717262 0.43 0.077381 0.033333 
1 0.66369 0.358333 0.077381 0.03 
1 0.64881 0.298333 0.154762 0.076667 
1 0.535714 0.421667 0.083333 0.043333 
1 0.28869 0.423333 0.053571 0.02 
1 0.261905 0.445 0.047619 0.023333 
1 0.375 0.588333 0.071429 0.043333 
1 0.75 0.436667 0.119048 0.04 
2 0.059524 0.506667 0.119048 0.08 
2 0.178571 0.518333 0.119048 0.056667 
2 0.297619 0.526667 0.119048 0.06 
2 0.416667 0.523333 0.119048 0.08 
2 0.535714 0.531667 0.119048 0.07 
2 0.657738 0.54 0.125 0.113333 
2 0.779762 0.518333 0.119048 0.11 
2 0.89881 0.488333 0.119048 0.123333 
2 0.4375 0.426667 0.494048 0.1 
1 0.729167 0.718333 0.279762 0.136667 
1 0.428571 0.068333 0.190476 0.136667 
1 0.565476 0.038333 0.083333 0.076667 
1 0.78869 0.061667 0.208333 0.09 
