1 0.952865 0.476852 0.077604 0.038889 
1 0.579948 0.850926 0.059896 0.075926 
1 0.26276 0.709722 0.005729 0.010185 
1 0.445833 0.772222 0.036458 0.137037 
1 0.38125 0.646759 0.010417 0.012037 
1 0.021094 0.247685 0.021354 0.015741 
1 0.203125 0.46713 0.023958 0.012037 
1 0.2875 0.535648 0.021875 0.008333 
1 0.491667 0.493056 0.051042 0.05463 
1 0.767969 0.44213 0.045312 0.025 
1 0.913281 0.233333 0.082812 0.035185 
1 0.140885 0.595833 0.017188 0.012037 
1 0.067187 0.696759 0.036458 0.036111 
1 0.16849 0.709259 0.007812 0.016667 
1 0.886458 0.679167 0.063542 0.080556 
1 0.789844 0.025 0.020313 0.014815 
1 0.65599 0.166204 0.023438 0.010185 
1 0.221354 0.226852 0.090625 0.144444 
1 0.445573 0.100463 0.024479 0.028704 
1 0.863802 0.623611 0.048438 0.10463 
1 0.827344 0.780093 0.059896 0.026852 
1 0.720052 0.848148 0.076563 0.048148 
1 0.777344 0.675 0.065104 0.038889 
1 0.052083 0.111574 0.007292 0.012037 
1 0.265104 0.869444 0.079167 0.062963 
1 0.204427 0.906019 0.022396 0.037963 
1 0.026042 0.974537 0.048958 0.04537 
1 0.102344 0.901852 0.078646 0.17963 
1 0.769792 0.494444 0.0125 0.007407 
1 0.972656 0.577778 0.034896 0.07037 
