1 0.633854 0.040741 0.06875 0.081481 
1 0.225 0.963889 0.035417 0.061111 
1 0.240365 0.935185 0.034896 0.037037 
1 0.228125 0.805093 0.040625 0.080556 
1 0.154948 0.802315 0.045312 0.076852 
1 0.09401 0.85787 0.027604 0.069444 
1 0.065885 0.841667 0.086979 0.116667 
1 0.295833 0.872685 0.038542 0.056481 
1 0.32526 0.855093 0.033854 0.036111 
1 0.296875 0.803704 0.094792 0.162963 
1 0.332031 0.675463 0.041146 0.086111 
1 0.445052 0.850463 0.036979 0.058333 
1 0.551562 0.9 0.053125 0.066667 
1 0.52526 0.777778 0.048438 0.12963 
1 0.455469 0.696296 0.049479 0.077778 
1 0.73724 0.84537 0.055729 0.107407 
1 0.620052 0.671296 0.043229 0.085185 
1 0.163021 0.561111 0.052083 0.112963 
1 0.160938 0.441667 0.05625 0.138889 
1 0.050521 0.326389 0.065625 0.137963 
1 0.244792 0.218056 0.067708 0.123148 
1 0.93724 0.293056 0.068229 0.097222 
1 0.952344 0.219444 0.055729 0.05 
