1 0.848177 0.492593 0.010937 0.025926 
1 0.41875 0.298148 0.016667 0.02037 
1 0.330469 0.818056 0.044271 0.080556 
1 0.343229 0.676389 0.0125 0.025 
1 0.3125 0.530093 0.005208 0.013889 
1 0.41224 0.036574 0.013021 0.017593 
1 0.377604 0.127315 0.005208 0.012037 
1 0.441146 0.526852 0.020833 0.024074 
1 0.408854 0.490278 0.007292 0.012037 
1 0.423958 0.581019 0.019792 0.015741 
1 0.44974 0.593519 0.016146 0.011111 
1 0.476042 0.558333 0.014583 0.035185 
1 0.534375 0.558796 0.023958 0.021296 
1 0.520052 0.58287 0.007812 0.00463 
1 0.541927 0.588426 0.020313 0.012037 
1 0.557031 0.59537 0.010937 0.048148 
1 0.613542 0.506944 0.027083 0.017593 
1 0.589844 0.526389 0.022396 0.015741 
1 0.605469 0.552315 0.020313 0.017593 
1 0.596094 0.574074 0.011979 0.012963 
1 0.751563 0.627315 0.023958 0.015741 
1 0.828646 0.630556 0.011458 0.007407 
1 0.872656 0.633796 0.011979 0.010185 
1 0.991146 0.576389 0.00625 0.010185 
1 0.910156 0.856944 0.010937 0.012037 
1 0.825 0.743981 0.008333 0.012037 
1 0.497917 0.668519 0.017708 0.022222 
1 0.573177 0.690741 0.026562 0.018519 
1 0.538021 0.72963 0.025 0.014815 
1 0.919792 0.712037 0.027083 0.02963 
1 0.249479 0.502778 0.028125 0.027778 
1 0.171875 0.564815 0.021875 0.016667 
1 0.127865 0.619444 0.015104 0.031481 
1 0.032552 0.632407 0.020313 0.040741 
1 0.092448 0.25787 0.029687 0.015741 
1 0.156771 0.187037 0.019792 0.018519 
1 0.194792 0.206944 0.028125 0.058333 
1 0.168229 0.356019 0.01875 0.041667 
1 0.182812 0.375463 0.013542 0.028704 
1 0.220052 0.331481 0.018229 0.035185 
1 0.20625 0.476389 0.009375 0.013889 
1 0.508594 0.238889 0.023438 0.009259 
1 0.61224 0.382407 0.019271 0.038889 
1 0.575521 0.44213 0.010417 0.032407 
1 0.586979 0.460185 0.016667 0.012963 
1 0.639062 0.464815 0.026042 0.012963 
1 0.684115 0.365741 0.039062 0.02963 
1 0.745833 0.409722 0.016667 0.026852 
1 0.815625 0.346759 0.035417 0.017593 
1 0.908854 0.231019 0.032292 0.021296 
1 0.963542 0.374537 0.041667 0.021296 
1 0.896354 0.45 0.025 0.035185 
1 0.87474 0.166667 0.017188 0.031481 
