1 0.203906 0.640741 0.015104 0.02037 
1 0.470052 0.273611 0.043229 0.039815 
1 0.298438 0.286111 0.057292 0.062963 
1 0.307292 0.343519 0.032292 0.031481 
1 0.197396 0.360648 0.028125 0.034259 
1 0.114323 0.381019 0.028646 0.026852 
1 0.133333 0.617593 0.025 0.012963 
1 0.055469 0.664352 0.025521 0.041667 
1 0.916406 0.516204 0.047396 0.036111 
1 0.942969 0.581944 0.059896 0.026852 
1 0.93724 0.734259 0.040104 0.024074 
1 0.630469 0.610185 0.013021 0.011111 
1 0.594531 0.743981 0.009896 0.017593 
1 0.439844 0.91713 0.027604 0.017593 
1 0.197396 0.907407 0.014583 0.007407 
