1 0.204427 0.375926 0.111979 0.07037 
1 0.45 0.211574 0.077083 0.021296 
1 0.67526 0.35787 0.016146 0.012037 
1 0.920312 0.799537 0.008333 0.012037 
1 0.885938 0.815741 0.008333 0.011111 
1 0.766146 0.760648 0.041667 0.10463 
1 0.777083 0.929167 0.060417 0.078704 
1 0.632031 0.786574 0.082812 0.060185 
1 0.538281 0.835185 0.130729 0.088889 
1 0.39401 0.830556 0.158854 0.090741 
1 0.313281 0.928704 0.076563 0.1 
1 0.955469 0.365278 0.011979 0.015741 
1 0.774479 0.619444 0.196875 0.111111 
1 0.791927 0.541667 0.015104 0.014815 
1 0.915625 0.546759 0.16875 0.102778 
1 0.591406 0.52037 0.157812 0.164815 
1 0.719271 0.458333 0.044792 0.027778 
1 0.65 0.041667 0.11875 0.081481 
