1 0.298932 0.402235 0.035587 0.067039 
1 0.451957 0.477654 0.035587 0.050279 
1 0.220641 0.544693 0.035587 0.050279 
1 0.274021 0.541899 0.035587 0.044693 
1 0.574733 0.23743 0.032028 0.050279 
1 0.451957 0.287709 0.035587 0.050279 
1 0.407473 0.399441 0.039146 0.050279 
1 0.261566 0.231844 0.039146 0.072626 
1 0.085409 0.259777 0.035587 0.061453 
1 0.252669 0.427374 0.035587 0.039106 
1 0.733096 0.24581 0.035587 0.044693 
1 0.637011 0.189944 0.02847 0.044693 
1 0.620996 0.234637 0.032028 0.055866 
