1 0.172135 0.300463 0.023438 0.015741 
1 0.459115 0.2625 0.028646 0.04537 
1 0.514583 0.398611 0.038542 0.025 
1 0.636719 0.343056 0.056771 0.041667 
1 0.609896 0.370833 0.05 0.019444 
1 0.13099 0.030556 0.032813 0.061111 
1 0.625781 0.398148 0.029687 0.044444 
1 0.405469 0.601389 0.031771 0.056481 
1 0.564583 0.580556 0.015625 0.014815 
1 0.494271 0.739815 0.007292 0.025926 
1 0.032552 0.986574 0.021354 0.006481 
1 0.072396 0.956944 0.009375 0.006481 
1 0.238802 0.909722 0.010937 0.010185 
1 0.642448 0.675463 0.015104 0.012037 
1 0.783333 0.499074 0.045833 0.037037 
1 0.846875 0.670833 0.046875 0.037963 
1 0.790625 0.709722 0.044792 0.028704 
1 0.729167 0.842593 0.029167 0.024074 
