1 0.642222 0.768889 0.048889 0.053333 
1 0.462222 0.373333 0.062222 0.062222 
1 0.206667 0.471111 0.057778 0.062222 
1 0.491111 0.682222 0.057778 0.075556 
1 0.026667 0.786667 0.035556 0.062222 
1 0.76 0.6 0.053333 0.062222 
1 0.848889 0.315556 0.071111 0.08 
1 0.631111 0.337778 0.062222 0.071111 
2 0.077778 0.304444 0.155556 0.146667 
2 0.14 0.64 0.2 0.4 
2 0.437778 0.742222 0.262222 0.337778 
2 0.7 0.78 0.244444 0.208889 
2 0.486667 0.455556 0.226667 0.226667 
1 0.497778 0.195556 0.071111 0.08 
1 0.322222 0.108889 0.066667 0.075556 
