1 0.620573 0.081019 0.057813 0.030556 
1 0.3625 0.995833 0.033333 0.008333 
1 0.96901 0.763426 0.061979 0.041667 
1 0.576302 0.946296 0.067187 0.022222 
1 0.640365 0.781481 0.057813 0.075926 
1 0.585938 0.727315 0.044792 0.050926 
1 0.546875 0.665741 0.067708 0.072222 
1 0.63099 0.589815 0.058854 0.111111 
1 0.90599 0.644907 0.022396 0.013889 
1 0.755208 0.518519 0.009375 0.007407 
1 0.55651 0.530093 0.058854 0.019444 
1 0.708073 0.35787 0.075521 0.102778 
1 0.84375 0.222685 0.08125 0.087963 
1 0.690365 0.222685 0.051562 0.067593 
1 0.548698 0.258333 0.018229 0.011111 
1 0.40599 0.483333 0.034896 0.040741 
1 0.192969 0.480093 0.028646 0.013889 
1 0.095573 0.451389 0.023438 0.013889 
1 0.027344 0.509259 0.008854 0.011111 
1 0.209375 0.371759 0.019792 0.017593 
1 0.082812 0.380093 0.048958 0.026852 
1 0.149219 0.103704 0.005729 0.011111 
