1 0.459375 0.408796 0.03125 0.049074 
1 0.496354 0.607407 0.057292 0.033333 
1 0.814063 0.705093 0.095833 0.060185 
1 0.701823 0.809722 0.074479 0.036111 
1 0.480208 0.685185 0.048958 0.027778 
1 0.532292 0.771759 0.038542 0.062037 
1 0.447135 0.889352 0.039062 0.062037 
1 0.701823 0.565278 0.028646 0.043519 
1 0.747917 0.534259 0.048958 0.035185 
1 0.834896 0.218056 0.042708 0.086111 
1 0.541927 0.208333 0.048438 0.05 
1 0.468229 0.118056 0.026042 0.030556 
1 0.323177 0.228241 0.045312 0.067593 
1 0.077344 0.2 0.059896 0.064815 
1 0.047917 0.281944 0.010417 0.008333 
1 0.114583 0.406481 0.030208 0.038889 
1 0.86875 0.360185 0.021875 0.014815 
1 0.790885 0.360648 0.042188 0.034259 
1 0.908073 0.331481 0.072396 0.064815 
1 0.90651 0.237037 0.053646 0.085185 
1 0.257552 0.731019 0.043229 0.076852 
