1 0.772135 0.759259 0.023438 0.037037 
1 0.554427 0.643981 0.065104 0.05463 
1 0.613021 0.65787 0.047917 0.039815 
1 0.609635 0.604167 0.023438 0.025 
1 0.554167 0.568056 0.021875 0.026852 
1 0.576302 0.569444 0.013021 0.040741 
1 0.523177 0.52963 0.041146 0.044444 
1 0.486979 0.512037 0.034375 0.014815 
1 0.334635 0.622685 0.034896 0.026852 
1 0.365625 0.57963 0.016667 0.025926 
1 0.316927 0.561111 0.050521 0.027778 
1 0.013802 0.569907 0.027604 0.041667 
1 0.064583 0.602778 0.022917 0.064815 
1 0.057552 0.519907 0.017188 0.023148 
1 0.04974 0.444444 0.011979 0.018519 
1 0.307552 0.351389 0.064062 0.062037 
1 0.608073 0.518056 0.021354 0.032407 
1 0.617708 0.336574 0.146875 0.178704 
1 0.689844 0.30787 0.099479 0.082407 
1 0.761458 0.289815 0.05625 0.105556 
1 0.819531 0.287963 0.107813 0.048148 
1 0.884375 0.188889 0.060417 0.066667 
1 0.796354 0.162037 0.047917 0.040741 
1 0.701042 0.03287 0.067708 0.047222 
1 0.761198 0.077778 0.008854 0.009259 
1 0.921875 0.36713 0.035417 0.041667 
1 0.779427 0.429167 0.061979 0.132407 
1 0.61875 0.49537 0.023958 0.024074 
1 0.77526 0.590741 0.036979 0.074074 
1 0.051042 0.843519 0.05 0.053704 
1 0.227604 0.660648 0.053125 0.04537 
1 0.614844 0.95463 0.039062 0.02963 
1 0.753385 0.869444 0.031771 0.040741 
1 0.939063 0.953241 0.04375 0.04537 
1 0.944271 0.828241 0.073958 0.058333 
1 0.979427 0.725926 0.040104 0.07963 
