1 0.729911 0.549107 0.066964 0.089286 
1 0.511161 0.386161 0.066964 0.066964 
1 0.399554 0.372768 0.049107 0.03125 
1 0.167411 0.401786 0.075893 0.044643 
1 0.290179 0.303571 0.071429 0.071429 
1 0.618304 0.330357 0.066964 0.080357 
1 0.678571 0.426339 0.071429 0.066964 
1 0.921875 0.379464 0.066964 0.0625 
1 0.90625 0.466518 0.071429 0.040179 
1 0.866071 0.504464 0.071429 0.0625 
1 0.774554 0.479911 0.058036 0.040179 
1 0.895089 0.243304 0.066964 0.058036 
1 0.8125 0.354911 0.053571 0.066964 
1 0.776786 0.533482 0.0625 0.09375 
1 0.763393 0.631696 0.053571 0.040179 
1 0.611607 0.683036 0.053571 0.044643 
1 0.497768 0.600446 0.058036 0.058036 
1 0.279018 0.633929 0.066964 0.071429 
1 0.290179 0.720982 0.0625 0.066964 
1 0.397321 0.6875 0.080357 0.0625 
1 0.377232 0.75 0.066964 0.080357 
1 0.691964 0.752232 0.0625 0.058036 
1 0.145089 0.758929 0.075893 0.044643 
1 0.560268 0.457589 0.049107 0.049107 
1 0.459821 0.475446 0.071429 0.040179 
1 0.321429 0.486607 0.071429 0.080357 
1 0.044643 0.725446 0.0625 0.075893 
1 0.0625 0.513393 0.080357 0.0625 
1 0.189732 0.564732 0.075893 0.09375 
1 0.234375 0.529018 0.075893 0.075893 
1 0.542411 0.535714 0.066964 0.0625 
