1 0.089583 0.443981 0.0125 0.021296 
1 0.06224 0.453704 0.005729 0.011111 
1 0.183073 0.105093 0.010937 0.010185 
1 0.232552 0.185185 0.013021 0.011111 
1 0.365885 0.011574 0.009896 0.017593 
1 0.434635 0.122685 0.004687 0.015741 
1 0.536458 0.088889 0.005208 0.007407 
1 0.454688 0.20463 0.026042 0.031481 
1 0.488281 0.234722 0.023438 0.013889 
1 0.794792 0.199074 0.014583 0.018519 
1 0.885417 0.268519 0.035417 0.025926 
1 0.957031 0.4125 0.042188 0.017593 
1 0.835417 0.3375 0.030208 0.021296 
1 0.713542 0.341204 0.042708 0.032407 
1 0.555208 0.381019 0.01875 0.041667 
1 0.690625 0.401852 0.028125 0.038889 
1 0.848437 0.41713 0.019792 0.028704 
1 0.908073 0.477315 0.014063 0.019444 
1 0.960938 0.577315 0.00625 0.012037 
1 0.857031 0.638889 0.009896 0.009259 
1 0.8375 0.644444 0.011458 0.012963 
1 0.730469 0.608796 0.019271 0.019444 
1 0.269792 0.500463 0.026042 0.017593 
1 0.217969 0.536111 0.015104 0.009259 
1 0.209635 0.589815 0.016146 0.016667 
1 0.295833 0.526852 0.008333 0.014815 
1 0.321875 0.608333 0.005208 0.011111 
1 0.348698 0.64213 0.010937 0.012037 
1 0.436198 0.577778 0.024479 0.014815 
1 0.471875 0.614352 0.01875 0.015741 
1 0.510677 0.625926 0.020313 0.018519 
1 0.53151 0.657407 0.025521 0.027778 
1 0.559115 0.673611 0.021354 0.017593 
1 0.526302 0.484722 0.018229 0.025 
1 0.54401 0.515741 0.024479 0.02037 
1 0.586719 0.504167 0.027604 0.015741 
1 0.619271 0.461111 0.028125 0.011111 
1 0.603385 0.535185 0.021354 0.018519 
1 0.461979 0.515278 0.023958 0.015741 
1 0.522396 0.5875 0.007292 0.010185 
1 0.608073 0.5875 0.023438 0.017593 
1 0.621094 0.588426 0.013021 0.015741 
1 0.565104 0.187963 0.005208 0.011111 
1 0.089323 0.555093 0.007812 0.008333 
1 0.08125 0.607407 0.008333 0.011111 
1 0.455469 0.674074 0.023438 0.014815 
1 0.515625 0.701389 0.015625 0.010185 
1 0.544271 0.705093 0.015625 0.013889 
1 0.926042 0.708333 0.035417 0.037037 
1 0.977344 0.876852 0.008854 0.007407 
1 0.702344 0.976389 0.027604 0.043519 
1 0.453385 0.971759 0.029687 0.052778 
1 0.164844 0.5125 0.006771 0.013889 
1 0.142969 0.456944 0.009896 0.010185 
1 0.417187 0.487037 0.007292 0.014815 
1 0.131771 0.388426 0.015625 0.021296 
1 0.185417 0.368519 0.026042 0.018519 
1 0.038802 0.276852 0.026562 0.014815 
1 0.100521 0.151389 0.022917 0.034259 
