1 0.184635 0.018056 0.041146 0.030556 
1 0.424219 0.299074 0.177604 0.094444 
1 0.570833 0.199537 0.109375 0.171296 
1 0.497396 0.072222 0.029167 0.018519 
1 0.348958 0.505093 0.073958 0.110185 
1 0.334635 0.453704 0.010937 0.012963 
1 0.360156 0.587037 0.013021 0.040741 
1 0.575 0.336111 0.042708 0.048148 
1 0.626823 0.418056 0.072396 0.099074 
1 0.681771 0.134259 0.042708 0.025926 
1 0.596354 0.512037 0.045833 0.074074 
1 0.683854 0.496296 0.008333 0.027778 
1 0.511719 0.706019 0.022396 0.032407 
1 0.904167 0.796296 0.053125 0.031481 
1 0.740104 0.746296 0.059375 0.061111 
1 0.2 0.591204 0.036458 0.09537 
1 0.970573 0.235648 0.054688 0.025 
1 0.963542 0.20787 0.071875 0.036111 
1 0.884896 0.341667 0.034375 0.016667 
1 0.769531 0.451389 0.011979 0.017593 
1 0.746875 0.560185 0.028125 0.074074 
1 0.707031 0.440278 0.007812 0.008333 
1 0.69375 0.431019 0.009375 0.010185 
1 0.444531 0.748148 0.028646 0.037037 
1 0.739844 0.375926 0.058854 0.033333 
1 0.11875 0.157407 0.051042 0.085185 
1 0.096875 0.302778 0.06875 0.096296 
1 0.265625 0.145833 0.03125 0.019444 
