1 0.129948 0.422685 0.005729 0.006481 
1 0.582292 0.281481 0.013542 0.018519 
1 0.526823 0.323611 0.049479 0.025 
1 0.600521 0.363426 0.013542 0.026852 
1 0.557292 0.406944 0.034375 0.019444 
1 0.564583 0.444444 0.038542 0.02963 
1 0.623177 0.465278 0.026562 0.012037 
1 0.573958 0.489815 0.025 0.011111 
1 0.616667 0.509722 0.032292 0.019444 
1 0.672917 0.501852 0.0125 0.009259 
1 0.676823 0.459259 0.011979 0.009259 
1 0.739062 0.354167 0.025 0.015741 
1 0.771615 0.30463 0.014063 0.014815 
1 0.861719 0.277315 0.028646 0.017593 
1 0.966406 0.269907 0.039062 0.017593 
1 0.990104 0.294444 0.016667 0.014815 
1 0.93724 0.322685 0.042188 0.021296 
1 0.942969 0.394907 0.020313 0.013889 
1 0.879687 0.401389 0.021875 0.017593 
1 0.859115 0.3625 0.031771 0.021296 
1 0.828906 0.364815 0.033854 0.025926 
1 0.794792 0.363426 0.034375 0.023148 
1 0.925781 0.454167 0.017188 0.010185 
1 0.946875 0.468981 0.013542 0.013889 
1 0.890885 0.503241 0.027604 0.021296 
1 0.941406 0.511574 0.016146 0.015741 
1 0.895833 0.5625 0.019792 0.019444 
1 0.834115 0.515741 0.030729 0.012963 
1 0.801562 0.515741 0.0125 0.014815 
1 0.365885 0.415278 0.033854 0.021296 
1 0.26901 0.400463 0.019271 0.025 
1 0.219792 0.425463 0.011458 0.013889 
1 0.282552 0.474537 0.009896 0.017593 
1 0.391146 0.524074 0.023958 0.007407 
1 0.342187 0.447222 0.014583 0.012963 
1 0.052344 0.368519 0.023438 0.016667 
1 0.125521 0.375463 0.010417 0.008333 
1 0.068229 0.451389 0.007292 0.008333 
1 0.248438 0.583796 0.016667 0.025 
1 0.333333 0.626852 0.030208 0.016667 
1 0.361198 0.626389 0.013021 0.012037 
1 0.44974 0.630093 0.009896 0.013889 
1 0.448437 0.593519 0.01875 0.009259 
1 0.529427 0.611111 0.022396 0.027778 
1 0.545833 0.612963 0.010417 0.007407 
1 0.58099 0.562037 0.020313 0.011111 
1 0.413281 0.439815 0.009896 0.012963 
1 0.469531 0.428704 0.007812 0.011111 
1 0.783594 0.473148 0.016146 0.012963 
1 0.959115 0.538426 0.021354 0.012037 
1 0.88776 0.524537 0.014063 0.008333 
1 0.911719 0.590741 0.019271 0.012963 
1 0.917188 0.626852 0.033333 0.016667 
1 0.875 0.593056 0.015625 0.006481 
1 0.71875 0.558796 0.015625 0.017593 
1 0.66901 0.589815 0.011979 0.011111 
1 0.626823 0.645833 0.014063 0.006481 
1 0.658073 0.69213 0.027604 0.013889 
1 0.703646 0.693981 0.017708 0.015741 
1 0.71875 0.705556 0.025 0.005556 
1 0.741406 0.72037 0.009896 0.009259 
1 0.768229 0.737963 0.015625 0.022222 
1 0.743229 0.765741 0.011458 0.009259 
1 0.844271 0.733796 0.014583 0.010185 
1 0.761719 0.667593 0.020313 0.02037 
1 0.532552 0.696296 0.014063 0.024074 
1 0.445052 0.715741 0.023438 0.012963 
1 0.398438 0.738426 0.011458 0.012037 
1 0.384375 0.681481 0.011458 0.014815 
1 0.366146 0.716204 0.0125 0.008333 
1 0.380469 0.77963 0.016146 0.016667 
1 0.2875 0.740741 0.017708 0.014815 
1 0.260417 0.745833 0.0125 0.021296 
1 0.138021 0.707407 0.0125 0.016667 
1 0.022656 0.743519 0.013021 0.014815 
1 0.284375 0.604167 0.010417 0.015741 
1 0.292187 0.653241 0.014583 0.017593 
1 0.326823 0.692593 0.017188 0.012963 
1 0.402083 0.62963 0.008333 0.009259 
1 0.497135 0.640741 0.013021 0.007407 
1 0.565625 0.687037 0.028125 0.011111 
1 0.6 0.688426 0.013542 0.006481 
1 0.56901 0.758796 0.009896 0.008333 
1 0.472917 0.754167 0.010417 0.008333 
1 0.670573 0.777778 0.008854 0.011111 
1 0.741667 0.561574 0.01875 0.013889 
1 0.770573 0.590741 0.011979 0.016667 
1 0.781771 0.594907 0.011458 0.012037 
1 0.834375 0.631481 0.015625 0.007407 
1 0.893229 0.651852 0.025 0.009259 
1 0.875781 0.659259 0.009896 0.007407 
1 0.982292 0.662963 0.014583 0.009259 
1 0.98724 0.708333 0.019271 0.014815 
1 0.986458 0.727315 0.0125 0.010185 
1 0.906771 0.768519 0.016667 0.014815 
1 0.91875 0.675 0.014583 0.005556 
1 0.926823 0.696759 0.010937 0.006481 
1 0.95026 0.671759 0.013021 0.006481 
1 0.817708 0.755093 0.0125 0.008333 
1 0.775 0.693519 0.010417 0.005556 
2 0.294271 0.629167 0.11875 0.14537 
2 0.915365 0.606481 0.128646 0.237037 
2 0.505729 0.752778 0.161458 0.12963 
2 0.679167 0.677778 0.140625 0.196296 
2 0.314323 0.469907 0.215104 0.163889 
2 0.426823 0.627315 0.108854 0.126852 
1 0.070833 0.114815 0.007292 0.009259 
1 0.390365 0.150926 0.052604 0.037037 
1 0.367969 0.157407 0.038021 0.033333 
1 0.849479 0.020833 0.017708 0.023148 
1 0.88776 0.066667 0.019271 0.02963 
1 0.89401 0.175463 0.055729 0.036111 
1 0.984375 0.183796 0.03125 0.019444 
1 0.779948 0.165278 0.038021 0.036111 
1 0.759375 0.182407 0.013542 0.02037 
1 0.657292 0.214815 0.041667 0.027778 
1 0.686458 0.24537 0.014583 0.018519 
1 0.716146 0.246296 0.026042 0.018519 
1 0.520312 0.248148 0.048958 0.027778 
1 0.432031 0.260648 0.032813 0.017593 
1 0.378906 0.314815 0.022396 0.031481 
1 0.28125 0.309722 0.0375 0.025 
1 0.520833 0.298611 0.016667 0.019444 
1 0.552083 0.289352 0.036458 0.023148 
