1 0.233333 0.776852 0.014583 0.022222 
1 0.150521 0.212963 0.032292 0.02037 
1 0.205469 0.208796 0.020313 0.026852 
1 0.249479 0.119444 0.009375 0.007407 
1 0.378906 0.162963 0.007812 0.012963 
1 0.424479 0.176389 0.023958 0.034259 
1 0.440885 0.206944 0.015104 0.026852 
1 0.455208 0.261574 0.015625 0.037963 
1 0.541667 0.151852 0.022917 0.018519 
1 0.548698 0.200463 0.036979 0.019444 
1 0.592187 0.206019 0.027083 0.010185 
1 0.770052 0.115741 0.032813 0.027778 
1 0.501563 0.302315 0.027083 0.023148 
1 0.553385 0.330556 0.024479 0.027778 
1 0.578385 0.339815 0.020313 0.018519 
1 0.580469 0.361574 0.018229 0.015741 
1 0.689063 0.341667 0.019792 0.009259 
1 0.743229 0.356019 0.033333 0.032407 
1 0.716667 0.394907 0.022917 0.023148 
1 0.726823 0.44537 0.021354 0.02037 
1 0.183073 0.613889 0.013021 0.035185 
1 0.046615 0.581019 0.026562 0.049074 
1 0.185677 0.550926 0.010937 0.018519 
1 0.183854 0.489815 0.019792 0.014815 
1 0.190885 0.585185 0.020313 0.018519 
1 0.234896 0.586111 0.007292 0.016667 
1 0.254167 0.61713 0.016667 0.013889 
1 0.270573 0.575 0.007812 0.007407 
1 0.304948 0.584259 0.007812 0.011111 
1 0.383594 0.604167 0.014063 0.023148 
1 0.44375 0.581944 0.021875 0.030556 
1 0.545312 0.671759 0.015625 0.010185 
1 0.561979 0.59537 0.017708 0.016667 
1 0.551302 0.582407 0.025521 0.011111 
1 0.510938 0.576389 0.013542 0.019444 
1 0.509115 0.518056 0.023438 0.012037 
1 0.483854 0.475 0.016667 0.027778 
1 0.496615 0.458333 0.021354 0.022222 
1 0.386979 0.518519 0.020833 0.016667 
1 0.334896 0.454167 0.021875 0.026852 
1 0.222656 0.464815 0.008854 0.009259 
1 0.011458 0.369907 0.022917 0.023148 
1 0.182292 0.372685 0.020833 0.010185 
1 0.314583 0.369907 0.020833 0.021296 
1 0.500521 0.425463 0.022917 0.010185 
1 0.572656 0.528241 0.026562 0.015741 
1 0.589063 0.505556 0.020833 0.014815 
1 0.652083 0.594444 0.010417 0.016667 
1 0.648698 0.531019 0.014063 0.013889 
1 0.701562 0.828241 0.010417 0.019444 
1 0.701042 0.672685 0.023958 0.025 
1 0.873958 0.556481 0.010417 0.007407 
1 0.746615 0.590278 0.022396 0.04537 
1 0.759635 0.526852 0.022396 0.025926 
