1 0.25 0.46875 0.035714 0.026786 
1 0.629464 0.417411 0.071429 0.03125 
1 0.799107 0.408482 0.044643 0.03125 
1 0.720982 0.254464 0.075893 0.044643 
1 0.904018 0.225446 0.040179 0.03125 
1 0.506696 0.162946 0.049107 0.040179 
1 0.408482 0.15625 0.049107 0.026786 
1 0.066964 0.361607 0.044643 0.044643 
1 0.241071 0.401786 0.053571 0.035714 
1 0.125 0.441964 0.044643 0.035714 
1 0.162946 0.46875 0.040179 0.026786 
1 0.375 0.430804 0.0625 0.040179 
1 0.345982 0.310268 0.075893 0.040179 
1 0.508929 0.484375 0.044643 0.040179 
1 0.618304 0.544643 0.040179 0.026786 
1 0.883929 0.53125 0.053571 0.035714 
1 0.433036 0.339286 0.0625 0.044643 
1 0.381696 0.477679 0.066964 0.026786 
1 0.441964 0.5 0.044643 0.035714 
1 0.395089 0.508929 0.040179 0.017857 
1 0.283482 0.5 0.03125 0.026786 
1 0.28125 0.540179 0.044643 0.035714 
1 0.205357 0.535714 0.044643 0.035714 
1 0.178571 0.555804 0.035714 0.022321 
1 0.049107 0.629464 0.071429 0.035714 
1 0.017857 0.573661 0.035714 0.03125 
1 0.34375 0.566964 0.044643 0.026786 
1 0.647321 0.616071 0.044643 0.035714 
1 0.716518 0.651786 0.040179 0.017857 
1 0.676339 0.689732 0.03125 0.03125 
1 0.729911 0.694196 0.049107 0.040179 
1 0.821429 0.580357 0.044643 0.017857 
1 0.944196 0.65625 0.075893 0.044643 
1 0.953125 0.493304 0.049107 0.03125 
1 0.930804 0.584821 0.049107 0.017857 
1 0.785714 0.649554 0.035714 0.013393 
1 0.450893 0.59375 0.044643 0.026786 
1 0.381696 0.533482 0.040179 0.022321 
1 0.138393 0.696429 0.0625 0.035714 
1 0.171875 0.734375 0.040179 0.022321 
1 0.198661 0.756696 0.040179 0.022321 
1 0.325893 0.765625 0.026786 0.03125 
1 0.267857 0.825893 0.026786 0.026786 
1 0.370536 0.625 0.044643 0.035714 
1 0.808036 0.734375 0.044643 0.040179 
1 0.919643 0.756696 0.044643 0.03125 
1 0.808036 0.78125 0.044643 0.017857 
1 0.921875 0.727679 0.03125 0.017857 
1 0.857143 0.680804 0.044643 0.03125 
1 0.647321 0.810268 0.044643 0.022321 
2 0.316964 0.584821 0.428571 0.401786 
2 0.756696 0.669643 0.459821 0.3125 
