1 0.674219 0.482407 0.028646 0.016667 
1 0.25026 0.570833 0.040104 0.037963 
1 0.282552 0.557407 0.040104 0.012963 
1 0.304427 0.488426 0.048438 0.043519 
1 0.294531 0.598148 0.038021 0.031481 
1 0.285156 0.610648 0.035937 0.023148 
1 0.38125 0.638426 0.033333 0.023148 
1 0.683854 0.713426 0.038542 0.032407 
1 0.752344 0.705556 0.043229 0.025926 
1 0.704688 0.533333 0.019792 0.012963 
1 0.735938 0.585185 0.034375 0.02037 
1 0.74974 0.462963 0.028646 0.022222 
1 0.76875 0.475 0.021875 0.022222 
1 0.786458 0.483796 0.01875 0.019444 
1 0.591927 0.42963 0.034896 0.022222 
1 0.702865 0.352778 0.039062 0.035185 
1 0.803646 0.380093 0.007292 0.013889 
1 0.828646 0.077315 0.010417 0.012037 
1 0.872135 0.434722 0.063021 0.039815 
1 0.866667 0.494444 0.025 0.02037 
1 0.926562 0.52037 0.04375 0.02963 
1 0.801042 0.54213 0.017708 0.017593 
2 0.665365 0.508796 0.288021 0.176852 
2 0.375 0.558796 0.295833 0.182407 
1 0.326042 0.618056 0.038542 0.036111 
1 0.641927 0.500926 0.032813 0.02963 
1 0.591146 0.492593 0.046875 0.031481 
1 0.345313 0.581944 0.035417 0.039815 
1 0.384115 0.573148 0.035937 0.044444 
1 0.422396 0.593056 0.0375 0.023148 
1 0.411458 0.558333 0.023958 0.018519 
1 0.348958 0.551389 0.034375 0.028704 
1 0.363802 0.531019 0.043229 0.041667 
1 0.427604 0.500926 0.058333 0.053704 
1 0.469531 0.540741 0.046354 0.044444 
1 0.4875 0.526852 0.025 0.02037 
1 0.740885 0.533796 0.020313 0.013889 
1 0.726562 0.527778 0.019792 0.018519 
1 0.51224 0.540741 0.018229 0.011111 
1 0.534635 0.541204 0.020313 0.021296 
1 0.582031 0.551852 0.022396 0.022222 
1 0.603906 0.543519 0.018229 0.011111 
1 0.544792 0.461574 0.042708 0.041667 
