1 0.616146 0.716204 0.030208 0.012037 
1 0.414323 0.606944 0.017188 0.010185 
1 0.482552 0.567593 0.019271 0.012963 
1 0.503906 0.559722 0.018229 0.013889 
1 0.564583 0.561574 0.019792 0.008333 
1 0.553906 0.531019 0.018229 0.023148 
1 0.583594 0.541667 0.025521 0.022222 
1 0.615885 0.536111 0.021354 0.016667 
1 0.73724 0.546759 0.020313 0.012037 
1 0.798698 0.524537 0.020313 0.019444 
1 0.841927 0.561111 0.031771 0.012963 
1 0.78125 0.55 0.028125 0.018519 
1 0.446354 0.656944 0.022917 0.023148 
1 0.66875 0.558796 0.017708 0.015741 
1 0.685677 0.557407 0.022396 0.012963 
2 0.589844 0.487037 0.241146 0.17963 
2 0.811719 0.456481 0.189062 0.272222 
1 0.796875 0.14213 0.010417 0.015741 
1 0.801823 0.391667 0.031771 0.031481 
1 0.625 0.414352 0.029167 0.028704 
1 0.389583 0.581944 0.027083 0.025 
1 0.433073 0.527778 0.035937 0.02963 
1 0.407813 0.532407 0.034375 0.038889 
1 0.383073 0.535185 0.032813 0.040741 
1 0.355208 0.573148 0.026042 0.022222 
1 0.336198 0.561111 0.029687 0.024074 
1 0.346875 0.53287 0.034375 0.026852 
1 0.283854 0.550926 0.035417 0.031481 
1 0.860417 0.33287 0.035417 0.025 
1 0.539323 0.46713 0.027604 0.025 
1 0.728646 0.475926 0.019792 0.02037 
1 0.743229 0.477778 0.016667 0.011111 
1 0.864583 0.448611 0.08125 0.069444 
1 0.461458 0.56713 0.020833 0.012037 
1 0.43099 0.65 0.021354 0.02037 
1 0.642708 0.623611 0.027083 0.028704 
1 0.733594 0.582407 0.031771 0.016667 
1 0.579688 0.725 0.029167 0.024074 
1 0.890885 0.398148 0.030729 0.025926 
1 0.5125 0.545833 0.015625 0.021296 
1 0.529687 0.537963 0.028125 0.025926 
2 0.367969 0.591204 0.204687 0.158333 
