1 0.472396 0.885185 0.019792 0.009259 
1 0.6 0.784722 0.026042 0.036111 
1 0.628646 0.826852 0.025 0.037037 
1 0.876302 0.715741 0.031771 0.037037 
1 0.941927 0.680556 0.030729 0.025926 
1 0.44974 0.92963 0.024479 0.025926 
1 0.553125 0.917593 0.023958 0.027778 
1 0.457813 0.971759 0.021875 0.034259 
1 0.08776 0.947685 0.026562 0.034259 
1 0.138281 0.445833 0.040104 0.073148 
1 0.566927 0.391204 0.043229 0.080556 
1 0.630469 0.426389 0.043229 0.04537 
1 0.756771 0.350926 0.045833 0.072222 
1 0.032552 0.675463 0.033854 0.060185 
1 0.007812 0.854167 0.014583 0.05463 
1 0.047135 0.960648 0.020313 0.037963 
1 0.067969 0.949537 0.024479 0.037963 
1 0.65026 0.491204 0.035937 0.049074 
1 0.719531 0.528241 0.030729 0.050926 
1 0.789323 0.477315 0.035937 0.037963 
1 0.88776 0.44213 0.035937 0.052778 
1 0.865885 0.463889 0.038021 0.035185 
1 0.88724 0.560648 0.039062 0.04537 
1 0.399479 0.912037 0.021875 0.012963 
1 0.985156 0.9125 0.019271 0.041667 
1 0.920573 0.947685 0.020313 0.028704 
1 0.948958 0.766204 0.020833 0.030556 
1 0.91901 0.86713 0.021354 0.012037 
1 0.820833 0.904167 0.019792 0.030556 
1 0.796875 0.893519 0.021875 0.025926 
1 0.533854 0.983796 0.023958 0.013889 
