1 0.105208 0.53287 0.016667 0.030556 
1 0.305469 0.367593 0.056771 0.035185 
1 0.577083 0.468519 0.030208 0.037037 
1 0.629167 0.559722 0.027083 0.023148 
1 0.671875 0.076852 0.058333 0.05 
1 0.745052 0.090278 0.009896 0.012037 
1 0.969271 0.243056 0.03125 0.04537 
1 0.858073 0.303704 0.031771 0.040741 
1 0.817187 0.268981 0.026042 0.037963 
1 0.749219 0.405556 0.088021 0.061111 
1 0.673177 0.262037 0.052604 0.096296 
1 0.845573 0.1375 0.052604 0.039815 
1 0.959896 0.393056 0.080208 0.099074 
1 0.905469 0.495833 0.068229 0.113889 
1 0.879427 0.537037 0.034896 0.064815 
1 0.751563 0.581481 0.021875 0.016667 
1 0.541927 0.525 0.005729 0.018519 
1 0.511979 0.559259 0.015625 0.038889 
1 0.679427 0.676852 0.023438 0.044444 
1 0.913542 0.724074 0.035417 0.033333 
1 0.884635 0.77963 0.027604 0.07963 
1 0.947135 0.858333 0.081771 0.042593 
1 0.673177 0.95 0.035937 0.024074 
1 0.393229 0.59213 0.017708 0.019444 
1 0.566406 0.648611 0.157812 0.123148 
1 0.617188 0.648611 0.020833 0.017593 
1 0.538281 0.728704 0.051562 0.040741 
1 0.609635 0.722222 0.055729 0.031481 
1 0.547656 0.915278 0.048438 0.073148 
1 0.322656 0.644907 0.030729 0.017593 
1 0.259635 0.494907 0.051562 0.015741 
1 0.155469 0.506481 0.020313 0.035185 
1 0.084375 0.45 0.010417 0.018519 
1 0.071354 0.510648 0.036458 0.047222 
1 0.027344 0.566667 0.054688 0.042593 
1 0.122656 0.698148 0.051562 0.042593 
