1 0.654948 0.568519 0.014063 0.016667 
1 0.043229 0.118056 0.054167 0.036111 
1 0.261719 0.26713 0.026562 0.026852 
1 0.6875 0.05463 0.067708 0.044444 
1 0.543229 0.215741 0.027083 0.040741 
1 0.132292 0.669444 0.032292 0.042593 
1 0.03776 0.644907 0.018229 0.013889 
1 0.505729 0.340741 0.046875 0.02037 
1 0.563021 0.409259 0.0375 0.027778 
1 0.696354 0.370833 0.061458 0.047222 
1 0.739062 0.393056 0.033333 0.043519 
1 0.494271 0.605556 0.032292 0.057407 
1 0.46276 0.740278 0.009896 0.021296 
1 0.854167 0.546759 0.042708 0.032407 
1 0.032031 0.941667 0.013021 0.007407 
1 0.253125 0.905556 0.008333 0.011111 
1 0.647656 0.693981 0.010937 0.010185 
1 0.784896 0.696759 0.040625 0.034259 
1 0.740625 0.706481 0.045833 0.025926 
1 0.801823 0.821759 0.032813 0.019444 
