1 0.21276 0.223611 0.097396 0.143519 
1 0.142187 0.25463 0.086458 0.101852 
1 0.161458 0.416204 0.091667 0.147222 
1 0.092969 0.546759 0.089063 0.132407 
1 0.536458 0.063889 0.091667 0.105556 
1 0.560156 0.200463 0.085938 0.125 
1 0.195312 0.687037 0.090625 0.137037 
1 0.468229 0.289352 0.090625 0.100926 
1 0.109896 0.705556 0.0875 0.062963 
1 0.082292 0.876389 0.0875 0.102778 
1 0.298177 0.568981 0.086979 0.150926 
1 0.276823 0.414815 0.094271 0.087037 
1 0.288542 0.3375 0.092708 0.099074 
1 0.30651 0.279167 0.083854 0.110185 
1 0.366406 0.190741 0.088021 0.05 
1 0.647656 0.319444 0.085938 0.07963 
1 0.48151 0.501852 0.089063 0.066667 
1 0.811719 0.24213 0.092188 0.076852 
1 0.386458 0.849537 0.090625 0.165741 
1 0.602083 0.737963 0.077083 0.17037 
1 0.642188 0.671296 0.092708 0.177778 
1 0.710677 0.735648 0.088021 0.062037 
1 0.673438 0.18287 0.086458 0.089815 
1 0.710156 0.176852 0.074479 0.109259 
1 0.965625 0.510648 0.06875 0.09537 
1 0.88151 0.750926 0.091146 0.094444 
1 0.515365 0.656944 0.088021 0.165741 
1 0.850521 0.484722 0.086458 0.158333 
1 0.806771 0.325463 0.110417 0.113889 
1 0.554167 0.371296 0.086458 0.155556 
1 0.503906 0.860648 0.085938 0.130556 
1 0.458594 0.796759 0.073438 0.141667 
1 0.075781 0.148148 0.088021 0.094444 
