1 0.420312 0.561574 0.035417 0.04537 
1 0.375 0.525926 0.041667 0.044444 
2 0.103646 0.589815 0.207292 0.209259 
1 0.788542 0.612037 0.032292 0.05 
1 0.65599 0.560648 0.018229 0.023148 
1 0.78151 0.399537 0.018229 0.017593 
1 0.954427 0.513426 0.015104 0.025 
2 0.960156 0.549537 0.079687 0.221296 
1 0.98125 0.314815 0.022917 0.024074 
2 0.727604 0.430093 0.385417 0.121296 
2 0.685677 0.615741 0.298438 0.253704 
1 0.427083 0.412963 0.1 0.040741 
2 0.372396 0.623148 0.326042 0.288889 
1 0.198437 0.477315 0.008333 0.012037 
1 0.87526 0.327778 0.026562 0.02963 
