1 0.622656 0.405556 0.005729 0.009259 
2 0.394792 0.508796 0.767708 0.334259 
2 0.707292 0.774074 0.079167 0.101852 
2 0.62474 0.774074 0.078646 0.101852 
2 0.544792 0.781481 0.079167 0.101852 
2 0.465885 0.782407 0.078646 0.101852 
2 0.386458 0.788889 0.079167 0.101852 
2 0.307812 0.789815 0.079167 0.101852 
2 0.228385 0.790741 0.078646 0.101852 
2 0.149219 0.792593 0.078646 0.101852 
1 0.478906 0.625463 0.013021 0.015741 
1 0.178385 0.587037 0.011979 0.014815 
1 0.077344 0.665741 0.006771 0.018519 
1 0.107813 0.374074 0.009375 0.014815 
1 0.922396 0.553704 0.025 0.024074 
1 0.859115 0.552778 0.013021 0.014815 
1 0.360938 0.771296 0.023958 0.027778 
1 0.928385 0.623611 0.017188 0.015741 
1 0.719792 0.723611 0.020833 0.019444 
1 0.177344 0.805093 0.013021 0.017593 
1 0.038542 0.130093 0.009375 0.013889 
1 0.017969 0.035648 0.008854 0.010185 
1 0.327344 0.348611 0.005729 0.006481 
1 0.229948 0.363889 0.008854 0.012963 
1 0.079427 0.389352 0.007812 0.013889 
1 0.811979 0.444444 0.065625 0.031481 
1 0.891146 0.395833 0.04375 0.021296 
1 0.665625 0.590278 0.042708 0.082407 
1 0.764844 0.610185 0.025521 0.027778 
1 0.945833 0.496296 0.04375 0.025926 
1 0.909375 0.4875 0.023958 0.021296 
