1 0.653846 0.926136 0.034965 0.068182 
1 0.725524 0.90625 0.031469 0.0625 
1 0.520979 0.588068 0.027972 0.073864 
1 0.451049 0.627841 0.041958 0.096591 
1 0.531469 0.454545 0.034965 0.090909 
1 0.47028 0.392045 0.031469 0.090909 
1 0.386364 0.355114 0.031469 0.073864 
1 0.384615 0.440341 0.027972 0.073864 
1 0.333916 0.497159 0.031469 0.085227 
1 0.33042 0.431818 0.024476 0.068182 
1 0.283217 0.366477 0.027972 0.0625 
1 0.309441 0.292614 0.031469 0.085227 
1 0.47028 0.252841 0.031469 0.085227 
1 0.622378 0.099432 0.034965 0.096591 
1 0.388112 0.144886 0.034965 0.096591 
1 0.374126 0.0625 0.034965 0.068182 
1 0.293706 0.113636 0.034965 0.068182 
1 0.625874 0.292614 0.034965 0.073864 
1 0.267483 0.1875 0.024476 0.056818 
1 0.176573 0.048295 0.031469 0.073864 
1 0.103147 0.136364 0.031469 0.079545 
1 0.178322 0.3125 0.034965 0.079545 
2 0.374126 0.375 0.216783 0.329545 
2 0.61014 0.497159 0.213287 0.3125 
2 0.653846 0.821023 0.223776 0.289773 
1 0.09965 0.519886 0.038462 0.085227 
1 0.02972 0.5625 0.038462 0.068182 
1 0.232517 0.619318 0.031469 0.090909 
1 0.241259 0.84375 0.034965 0.085227 
1 0.304196 0.852273 0.034965 0.102273 
1 0.379371 0.866477 0.024476 0.0625 
1 0.456294 0.752841 0.031469 0.085227 
1 0.562937 0.849432 0.034965 0.073864 
1 0.683566 0.326705 0.031469 0.0625 
1 0.620629 0.40625 0.031469 0.0625 
1 0.608392 0.465909 0.027972 0.068182 
1 0.56993 0.596591 0.034965 0.079545 
1 0.664336 0.536932 0.034965 0.085227 
1 0.662587 0.619318 0.031469 0.056818 
1 0.697552 0.613636 0.031469 0.079545 
1 0.748252 0.653409 0.034965 0.068182 
1 0.783217 0.502841 0.041958 0.085227 
1 0.825175 0.576705 0.034965 0.0625 
1 0.611888 0.724432 0.027972 0.085227 
1 0.613636 0.849432 0.031469 0.0625 
1 0.723776 0.798295 0.034965 0.073864 
1 0.804196 0.815341 0.041958 0.073864 
1 0.95979 0.795455 0.038462 0.079545 
1 0.917832 0.855114 0.031469 0.0625 
1 0.877622 0.849432 0.034965 0.0625 
1 0.751748 0.909091 0.027972 0.056818 
1 0.538462 0.375 0.027972 0.068182 
1 0.676573 0.872159 0.038462 0.073864 
