1 0.366071 0.457589 0.017857 0.022321 
1 0.279018 0.459821 0.049107 0.053571 
1 0.133929 0.441964 0.017857 0.017857 
1 0.337054 0.491071 0.022321 0.017857 
1 0.366071 0.488839 0.017857 0.013393 
1 0.383929 0.5 0.017857 0.008929 
1 0.430804 0.491071 0.022321 0.035714 
1 0.491071 0.491071 0.0625 0.0625 
1 0.526786 0.491071 0.017857 0.026786 
1 0.428571 0.267857 0.044643 0.0625 
1 0.430804 0.162946 0.129464 0.209821 
1 0.145089 0.290179 0.049107 0.044643 
1 0.756696 0.359375 0.049107 0.040179 
1 0.415179 0.392857 0.044643 0.0625 
1 0.419643 0.441964 0.044643 0.035714 
1 0.325893 0.417411 0.026786 0.03125 
