1 0.586667 0.204444 0.071111 0.044444 
1 0.171111 0.671111 0.057778 0.053333 
1 0.366667 0.575556 0.048889 0.04 
1 0.222222 0.511111 0.071111 0.044444 
1 0.34 0.502222 0.084444 0.044444 
1 0.377778 0.397778 0.071111 0.075556 
1 0.413333 0.44 0.062222 0.062222 
1 0.542222 0.48 0.08 0.044444 
1 0.653333 0.433333 0.062222 0.048889 
1 0.535556 0.366667 0.057778 0.048889 
1 0.577778 0.282222 0.097778 0.048889 
2 0.524444 0.473333 0.773333 0.591111 
1 0.882222 0.351111 0.057778 0.062222 
1 0.846667 0.308889 0.075556 0.066667 
1 0.726667 0.273333 0.048889 0.04 
1 0.288889 0.742222 0.062222 0.044444 
