1 0.220052 0.700926 0.084896 0.072222 
1 0.083594 0.326389 0.046354 0.019444 
1 0.0875 0.294907 0.034375 0.023148 
1 0.105208 0.202778 0.036458 0.038889 
1 0.213542 0.206019 0.046875 0.04537 
1 0.411979 0.2375 0.035417 0.030556 
1 0.542448 0.366667 0.038021 0.075926 
1 0.375521 0.633333 0.022917 0.024074 
1 0.621094 0.54213 0.013021 0.017593 
1 0.601562 0.643056 0.03125 0.019444 
1 0.626042 0.785185 0.010417 0.014815 
1 0.19375 0.912037 0.013542 0.014815 
1 0.067708 0.8875 0.00625 0.010185 
1 0.191927 0.868056 0.029687 0.025 
1 0.033333 0.742593 0.025 0.02037 
