1 0.359115 0.640278 0.013021 0.015741 
1 0.192448 0.251389 0.094271 0.108333 
1 0.183073 0.195833 0.023438 0.023148 
1 0.234635 0.199537 0.016146 0.025 
1 0.12474 0.027315 0.024479 0.052778 
1 0.076042 0.184259 0.025 0.038889 
1 0.063542 0.341667 0.025 0.022222 
1 0.11875 0.550463 0.007292 0.010185 
1 0.179167 0.570833 0.0125 0.010185 
1 0.770052 0.650926 0.005729 0.007407 
1 0.617969 0.643056 0.025521 0.025 
1 0.093229 0.5 0.017708 0.02037 
1 0.107813 0.514352 0.022917 0.021296 
1 0.733854 0.334722 0.026042 0.026852 
1 0.521094 0.292593 0.021354 0.014815 
1 0.56276 0.415741 0.042188 0.031481 
1 0.398177 0.406481 0.023438 0.051852 
1 0.903385 0.338426 0.027604 0.080556 
1 0.832031 0.393519 0.033854 0.040741 
1 0.853125 0.468981 0.028125 0.010185 
1 0.828385 0.478704 0.014063 0.022222 
1 0.902604 0.211574 0.041667 0.028704 
1 0.897135 0.13287 0.023438 0.030556 
1 0.772917 0.176852 0.015625 0.012963 
1 0.47526 0.119444 0.019271 0.011111 
1 0.307031 0.228704 0.017188 0.022222 
1 0.295833 0.404167 0.01875 0.028704 
1 0.364323 0.406481 0.013021 0.024074 
1 0.353385 0.4125 0.010937 0.021296 
1 0.342969 0.42037 0.008854 0.011111 
1 0.366406 0.524074 0.017188 0.014815 
1 0.344531 0.549074 0.022396 0.02037 
1 0.53776 0.6625 0.027604 0.030556 
1 0.352604 0.666204 0.008333 0.006481 
1 0.154427 0.457407 0.007812 0.018519 
1 0.476823 0.476389 0.028646 0.021296 
1 0.452344 0.543981 0.020313 0.023148 
1 0.477083 0.548611 0.010417 0.006481 
1 0.507812 0.528241 0.021875 0.023148 
1 0.529687 0.554167 0.019792 0.013889 
1 0.657031 0.466204 0.028646 0.012037 
1 0.65625 0.479167 0.01875 0.010185 
1 0.701302 0.502315 0.014063 0.012037 
1 0.742448 0.552778 0.022396 0.018519 
1 0.674479 0.545833 0.034375 0.010185 
1 0.594271 0.526389 0.025 0.017593 
1 0.614062 0.531019 0.023958 0.012037 
