1 0.79401 0.351389 0.021354 0.010185 
1 0.668229 0.119907 0.03125 0.034259 
1 0.581771 0.089815 0.038542 0.037037 
1 0.708073 0.290741 0.027604 0.012963 
1 0.460417 0.636111 0.01875 0.022222 
1 0.417448 0.684259 0.016146 0.025926 
1 0.41276 0.664352 0.026562 0.021296 
1 0.014844 0.716667 0.010937 0.02963 
1 0.115365 0.681019 0.013021 0.030556 
1 0.371615 0.034259 0.023438 0.022222 
1 0.9875 0.209259 0.025 0.038889 
1 0.908333 0.727778 0.01875 0.018519 
1 0.852604 0.641204 0.013542 0.017593 
1 0.817448 0.513426 0.017188 0.012037 
1 0.832552 0.556019 0.023438 0.056481 
1 0.78099 0.559259 0.022396 0.024074 
1 0.667969 0.412037 0.014063 0.062963 
1 0.669531 0.437037 0.026562 0.012963 
1 0.722396 0.437963 0.019792 0.037037 
1 0.705208 0.391667 0.016667 0.014815 
1 0.69349 0.356019 0.024479 0.026852 
1 0.645573 0.315278 0.017188 0.052778 
1 0.575521 0.296759 0.017708 0.023148 
1 0.450521 0.20463 0.010417 0.005556 
1 0.327344 0.14213 0.007812 0.010185 
1 0.514062 0.191204 0.020833 0.019444 
1 0.415365 0.343519 0.016146 0.02963 
1 0.453125 0.387963 0.016667 0.02037 
1 0.458333 0.412963 0.020833 0.007407 
1 0.508073 0.475926 0.013021 0.051852 
1 0.538542 0.516667 0.013542 0.044444 
1 0.659115 0.512037 0.030729 0.014815 
1 0.607031 0.640741 0.021354 0.011111 
1 0.683333 0.575 0.020833 0.016667 
1 0.659635 0.632407 0.029687 0.02037 
1 0.502344 0.659722 0.005729 0.019444 
1 0.466927 0.596296 0.026562 0.027778 
1 0.453385 0.575 0.023438 0.018519 
1 0.445833 0.485648 0.020833 0.010185 
1 0.401042 0.543519 0.01875 0.012963 
1 0.39974 0.619907 0.023438 0.028704 
1 0.342187 0.592593 0.013542 0.025926 
1 0.301042 0.560648 0.0125 0.010185 
1 0.264062 0.546759 0.013542 0.019444 
1 0.275 0.463426 0.010417 0.012037 
1 0.269271 0.398148 0.020833 0.033333 
1 0.141667 0.475926 0.009375 0.022222 
1 0.188802 0.553241 0.013021 0.021296 
1 0.15599 0.532407 0.028646 0.018519 
1 0.028385 0.624537 0.034896 0.060185 
1 0.027604 0.493981 0.014583 0.021296 
1 0.135156 0.360648 0.021354 0.017593 
1 0.222656 0.313426 0.020313 0.021296 
1 0.116927 0.134722 0.032813 0.021296 
1 0.061198 0.038889 0.042188 0.033333 
