1 0.85026 0.776852 0.007812 0.014815 
1 0.642708 0.943981 0.140625 0.087963 
1 0.620313 0.869444 0.13125 0.068519 
1 0.780729 0.862963 0.080208 0.057407 
1 0.828906 0.777315 0.006771 0.010185 
1 0.895573 0.756944 0.006771 0.012037 
1 0.613021 0.674537 0.152083 0.125 
1 0.519531 0.604167 0.089063 0.039815 
1 0.695833 0.542593 0.015625 0.012963 
1 0.86276 0.426852 0.046354 0.02963 
1 0.61849 0.363426 0.183854 0.113889 
1 0.339583 0.868981 0.120833 0.09537 
1 0.057031 0.800463 0.113021 0.186111 
1 0.184896 0.739815 0.089583 0.098148 
1 0.451823 0.281481 0.175521 0.125926 
1 0.247135 0.296296 0.058854 0.031481 
1 0.147135 0.305556 0.136979 0.092593 
