1 0.546094 0.197685 0.038021 0.043519 
1 0.625521 0.775 0.011458 0.012963 
1 0.194271 0.703704 0.079167 0.066667 
1 0.314583 0.626389 0.022917 0.023148 
1 0.139583 0.305093 0.036458 0.023148 
1 0.01901 0.32963 0.038021 0.024074 
1 0.076042 0.149537 0.048958 0.071296 
1 0.248958 0.8875 0.029167 0.023148 
1 0.192188 0.913426 0.014583 0.010185 
1 0.044531 0.868056 0.007812 0.013889 
1 0.678385 0.673148 0.033854 0.024074 
1 0.622656 0.556481 0.011979 0.011111 
1 0.655729 0.388426 0.041667 0.073148 
1 0.208594 0.204167 0.036979 0.049074 
