1 0.755729 0.146759 0.015625 0.008333 
1 0.695312 0.140741 0.017708 0.016667 
1 0.797396 0.039815 0.026042 0.040741 
1 0.677344 0.374537 0.023438 0.073148 
1 0.552604 0.284722 0.075 0.156481 
1 0.326823 0.339352 0.066146 0.062037 
1 0.190885 0.409722 0.077604 0.025 
1 0.389844 0.472222 0.057813 0.055556 
1 0.235677 0.564815 0.018229 0.018519 
1 0.354427 0.548611 0.019271 0.015741 
1 0.257031 0.722222 0.009896 0.012963 
1 0.117448 0.79213 0.071354 0.086111 
1 0.021354 0.885185 0.014583 0.035185 
1 0.341667 0.743056 0.05 0.039815 
1 0.396875 0.765741 0.007292 0.012963 
1 0.517188 0.704167 0.008333 0.012037 
1 0.229687 0.854167 0.007292 0.010185 
1 0.765365 0.500926 0.009896 0.012963 
1 0.973698 0.4625 0.052604 0.019444 
1 0.75651 0.625 0.066146 0.07037 
1 0.643229 0.794907 0.058333 0.067593 
1 0.548438 0.949537 0.072917 0.069444 
1 0.78151 0.705093 0.064062 0.032407 
1 0.920312 0.65787 0.089583 0.10463 
1 0.906771 0.637037 0.077083 0.053704 
