1 0.559896 0.674074 0.025 0.031481 
1 0.305208 0.4125 0.015625 0.012037 
1 0.302604 0.386111 0.014583 0.031481 
1 0.211719 0.450926 0.078646 0.092593 
1 0.426302 0.089815 0.015104 0.012963 
1 0.538021 0.683333 0.021875 0.018519 
1 0.266146 0.222222 0.019792 0.022222 
1 0.17526 0.178704 0.018229 0.022222 
1 0.159635 0.204167 0.030729 0.019444 
1 0.082031 0.191204 0.019271 0.039815 
1 0.023698 0.192593 0.024479 0.037037 
1 0.832031 0.183333 0.011979 0.011111 
1 0.910677 0.139815 0.021354 0.027778 
1 0.913542 0.207407 0.0375 0.02963 
1 0.936198 0.349074 0.051562 0.024074 
1 0.761458 0.336111 0.029167 0.024074 
1 0.597396 0.417593 0.044792 0.016667 
1 0.521875 0.278241 0.020833 0.012037 
1 0.320573 0.374074 0.013021 0.025926 
1 0.621354 0.633796 0.026042 0.026852 
1 0.750781 0.578241 0.025521 0.017593 
1 0.76276 0.545833 0.015104 0.013889 
1 0.788802 0.648611 0.008854 0.012037 
1 0.909375 0.618056 0.011458 0.012037 
1 0.410156 0.583796 0.010937 0.013889 
1 0.40026 0.644444 0.013021 0.02037 
1 0.495573 0.018519 0.016146 0.012963 
1 0.426302 0.422685 0.026562 0.026852 
1 0.392969 0.461574 0.024479 0.052778 
1 0.152604 0.517593 0.022917 0.018519 
1 0.107031 0.510185 0.014063 0.02037 
1 0.104948 0.549074 0.007812 0.014815 
1 0.19349 0.578704 0.008854 0.009259 
1 0.397135 0.53287 0.016146 0.017593 
1 0.371094 0.549074 0.021354 0.02037 
1 0.48724 0.517593 0.022396 0.016667 
1 0.83151 0.4125 0.030729 0.034259 
1 0.87474 0.469444 0.026562 0.014815 
1 0.770312 0.461111 0.015625 0.016667 
1 0.650781 0.46713 0.038021 0.013889 
1 0.667708 0.484259 0.011458 0.018519 
1 0.661198 0.530556 0.030729 0.009259 
1 0.615104 0.531944 0.023958 0.013889 
1 0.590365 0.535648 0.023438 0.017593 
1 0.548958 0.543519 0.023958 0.016667 
1 0.511979 0.556019 0.011458 0.010185 
1 0.467187 0.562963 0.016667 0.02037 
