1 0.538021 0.218056 0.079167 0.023148 
1 0.91276 0.830556 0.022396 0.014815 
1 0.366927 0.829167 0.066146 0.062037 
1 0.396615 0.833333 0.152604 0.092593 
1 0.485156 0.774074 0.121354 0.077778 
1 0.551302 0.763426 0.031771 0.047222 
1 0.576823 0.723611 0.039062 0.126852 
1 0.601042 0.458796 0.183333 0.136111 
1 0.652083 0.473148 0.034375 0.025926 
1 0.839583 0.546296 0.013542 0.014815 
1 0.668229 0.362963 0.014583 0.014815 
1 0.910417 0.370833 0.011458 0.013889 
1 0.800781 0.378241 0.184896 0.219444 
1 0.856771 0.210185 0.208333 0.172222 
1 0.315365 0.306944 0.083854 0.086111 
1 0.064583 0.406944 0.129167 0.115741 
