1 0.217742 0.169951 0.024194 0.054187 
1 0.318548 0.076355 0.040323 0.073892 
1 0.118952 0.241379 0.052419 0.039409 
1 0.066532 0.246305 0.028226 0.049261 
1 0.292339 0.285714 0.028226 0.039409 
1 0.221774 0.357143 0.024194 0.044335 
1 0.167339 0.357143 0.028226 0.024631 
1 0.074597 0.339901 0.020161 0.039409 
1 0.046371 0.433498 0.028226 0.039409 
1 0.125 0.374384 0.024194 0.049261 
1 0.159274 0.3867 0.03629 0.044335 
1 0.078629 0.458128 0.028226 0.029557 
1 0.120968 0.5 0.024194 0.034483 
1 0.058468 0.53202 0.020161 0.029557 
1 0.391129 0.293103 0.032258 0.034483 
1 0.455645 0.357143 0.016129 0.024631 
1 0.481855 0.366995 0.020161 0.054187 
1 0.518145 0.325123 0.020161 0.019704 
1 0.590726 0.305419 0.020161 0.039409 
1 0.622984 0.204433 0.028226 0.044335 
1 0.689516 0.243842 0.024194 0.044335 
1 0.681452 0.334975 0.032258 0.049261 
1 0.877016 0.197044 0.03629 0.068966 
1 0.945565 0.344828 0.028226 0.039409 
1 0.655242 0.399015 0.028226 0.049261 
1 0.596774 0.362069 0.024194 0.044335 
1 0.608871 0.46798 0.024194 0.019704 
2 0.086694 0.812808 0.173387 0.206897 
2 0.260081 0.812808 0.173387 0.206897 
2 0.4375 0.812808 0.173387 0.206897 
2 0.612903 0.812808 0.177419 0.206897 
2 0.91129 0.802956 0.177419 0.206897 
2 0.913306 0.596059 0.173387 0.206897 
2 0.59879 0.605911 0.173387 0.206897 
2 0.423387 0.605911 0.177419 0.206897 
2 0.245968 0.637931 0.177419 0.152709 
2 0.086694 0.605911 0.173387 0.206897 
