1 0.736458 0.830556 0.00625 0.011111 
1 0.296615 0.57963 0.020313 0.011111 
1 0.304167 0.726852 0.019792 0.027778 
1 0.144271 0.671759 0.011458 0.017593 
1 0.154427 0.58287 0.009896 0.021296 
1 0.16901 0.562037 0.019271 0.016667 
1 0.150521 0.527778 0.007292 0.011111 
1 0.129688 0.488889 0.015625 0.014815 
1 0.230208 0.440741 0.007292 0.014815 
1 0.183073 0.368981 0.022396 0.013889 
1 0.139844 0.20787 0.024479 0.023148 
1 0.277083 0.12963 0.007292 0.007407 
1 0.540885 0.290278 0.013021 0.019444 
1 0.566927 0.333333 0.017188 0.018519 
1 0.366406 0.36713 0.020313 0.017593 
1 0.494531 0.318519 0.021354 0.025926 
1 0.70599 0.415741 0.024479 0.016667 
1 0.685677 0.452778 0.015104 0.011111 
1 0.626302 0.462037 0.019271 0.016667 
1 0.569792 0.459259 0.025 0.009259 
1 0.795833 0.533333 0.026042 0.022222 
1 0.839583 0.531481 0.0125 0.012963 
1 0.735417 0.578704 0.01875 0.014815 
1 0.7375 0.631944 0.009375 0.017593 
1 0.656771 0.660185 0.019792 0.02963 
1 0.59974 0.609259 0.024479 0.011111 
1 0.585938 0.610648 0.015625 0.030556 
1 0.559896 0.514352 0.03125 0.023148 
1 0.532292 0.536574 0.021875 0.015741 
1 0.479167 0.526852 0.022917 0.016667 
1 0.440885 0.550463 0.022396 0.030556 
1 0.446094 0.56713 0.011979 0.017593 
1 0.485156 0.611574 0.016146 0.008333 
1 0.388542 0.649537 0.033333 0.058333 
1 0.411458 0.498148 0.022917 0.011111 
1 0.400781 0.455093 0.019271 0.015741 
1 0.345833 0.419907 0.023958 0.032407 
1 0.554688 0.113889 0.032292 0.033333 
1 0.548958 0.175 0.034375 0.033333 
1 0.504687 0.170833 0.022917 0.049074 
1 0.474479 0.123148 0.026042 0.018519 
1 0.756771 0.113426 0.035417 0.036111 
1 0.720313 0.353704 0.039583 0.025926 
1 0.638281 0.362963 0.020313 0.014815 
1 0.619271 0.321759 0.01875 0.019444 
1 0.564844 0.215278 0.024479 0.019444 
1 0.120833 0.918981 0.034375 0.032407 
