1 0.714063 0.600463 0.0125 0.012037 
1 0.547396 0.575926 0.019792 0.025926 
1 0.586458 0.648148 0.023958 0.02037 
1 0.701042 0.577315 0.030208 0.008333 
1 0.710677 0.518519 0.021354 0.014815 
1 0.679427 0.499074 0.023438 0.009259 
1 0.64974 0.4625 0.025521 0.013889 
1 0.609635 0.517593 0.015104 0.014815 
1 0.582292 0.523611 0.026042 0.023148 
1 0.544531 0.537037 0.019271 0.012963 
1 0.48151 0.570833 0.017188 0.010185 
1 0.441406 0.616204 0.021354 0.019444 
1 0.410156 0.543981 0.013021 0.010185 
1 0.439844 0.530093 0.020313 0.023148 
1 0.304167 0.514352 0.010417 0.017593 
1 0.279427 0.556019 0.018229 0.013889 
1 0.181771 0.621296 0.009375 0.014815 
1 0.016406 0.444444 0.011979 0.016667 
1 0.114323 0.481944 0.005729 0.013889 
1 0.08151 0.490278 0.026562 0.013889 
1 0.252344 0.425926 0.021354 0.024074 
1 0.784375 0.356481 0.032292 0.044444 
1 0.857812 0.217593 0.039583 0.033333 
1 0.849219 0.122685 0.021354 0.032407 
1 0.188542 0.191204 0.014583 0.026852 
1 0.20026 0.327778 0.021354 0.040741 
1 0.950781 0.501852 0.018229 0.025926 
1 0.814063 0.458333 0.03125 0.009259 
1 0.292448 0.271296 0.015104 0.031481 
1 0.224479 0.178241 0.028125 0.012037 
1 0.554948 0.15463 0.020313 0.012963 
1 0.658073 0.153704 0.011979 0.012963 
1 0.66901 0.316667 0.030729 0.02037 
1 0.407813 0.425 0.017708 0.016667 
1 0.386719 0.25787 0.010937 0.012037 
1 0.321615 0.172685 0.019271 0.025 
1 0.346354 0.247222 0.013542 0.018519 
1 0.513802 0.313426 0.024479 0.012037 
1 0.720573 0.437037 0.023438 0.05 
1 0.729167 0.661111 0.009375 0.012963 
