1 0.873437 0.262963 0.0375 0.075926 
1 0.169792 0.95787 0.00625 0.008333 
1 0.075521 0.893981 0.020833 0.013889 
1 0.048958 0.738426 0.071875 0.09537 
1 0.199219 0.875926 0.011979 0.009259 
1 0.740104 0.987963 0.033333 0.024074 
1 0.420833 0.888889 0.023958 0.025926 
1 0.571615 0.810648 0.006771 0.008333 
1 0.650781 0.686574 0.022396 0.023148 
1 0.722917 0.371296 0.064583 0.025926 
1 0.578906 0.543981 0.009896 0.025 
1 0.333854 0.629167 0.040625 0.023148 
1 0.072656 0.408333 0.029687 0.098148 
1 0.259896 0.359722 0.054167 0.023148 
