1 0.904687 0.354167 0.028125 0.036111 
1 0.224479 0.060648 0.045833 0.112037 
1 0.161458 0.318056 0.05625 0.067593 
1 0.389323 0.413889 0.028646 0.037037 
1 0.525781 0.212963 0.028646 0.042593 
1 0.615625 0.423611 0.035417 0.05463 
1 0.748437 0.340278 0.032292 0.039815 
1 0.802604 0.336574 0.053125 0.034259 
1 0.809375 0.418981 0.051042 0.034259 
1 0.554948 0.746296 0.023438 0.040741 
1 0.58151 0.50787 0.047396 0.062037 
1 0.936979 0.662963 0.047917 0.057407 
1 0.820052 0.648611 0.028646 0.039815 
1 0.971875 0.488426 0.052083 0.039815 
1 0.830208 0.55787 0.021875 0.034259 
1 0.20625 0.556019 0.051042 0.150926 
1 0.248438 0.660648 0.041667 0.049074 
1 0.027083 0.718519 0.040625 0.107407 
1 0.766406 0.739352 0.075521 0.067593 
1 0.797396 0.175 0.03125 0.064815 
1 0.698958 0.140741 0.05625 0.038889 
