1 0.207273 0.177596 0.029091 0.027322 
1 0.118182 0.204918 0.032727 0.038251 
1 0.263636 0.240437 0.032727 0.065574 
1 0.345455 0.237705 0.036364 0.027322 
1 0.434545 0.295082 0.04 0.032787 
1 0.465455 0.273224 0.029091 0.065574 
1 0.669091 0.360656 0.036364 0.054645 
1 0.703636 0.382514 0.032727 0.043716 
1 0.761818 0.431694 0.032727 0.054645 
1 0.32 0.303279 0.036364 0.038251 
1 0.134545 0.275956 0.036364 0.027322 
1 0.103636 0.303279 0.032727 0.04918 
1 0.110909 0.398907 0.025455 0.032787 
1 0.216364 0.404372 0.032727 0.043716 
1 0.030909 0.431694 0.032727 0.076503 
1 0.150909 0.415301 0.032727 0.032787 
1 0.181818 0.439891 0.036364 0.060109 
1 0.22 0.456284 0.032727 0.027322 
1 0.309091 0.45082 0.036364 0.038251 
1 0.429091 0.401639 0.036364 0.038251 
1 0.556364 0.377049 0.036364 0.021858 
1 0.516364 0.486339 0.029091 0.032787 
1 0.414545 0.505464 0.029091 0.027322 
1 0.112727 0.60929 0.036364 0.027322 
1 0.036364 0.579235 0.036364 0.032787 
1 0.032727 0.650273 0.036364 0.054645 
1 0.023636 0.811475 0.032727 0.060109 
1 0.103636 0.789617 0.032727 0.071038 
1 0.085455 0.871585 0.032727 0.04918 
1 0.169091 0.715847 0.032727 0.032787 
1 0.22 0.70765 0.04 0.060109 
1 0.192727 0.775956 0.029091 0.021858 
1 0.227273 0.855191 0.032727 0.038251 
1 0.198182 0.942623 0.04 0.038251 
1 0.345455 0.456284 0.036364 0.027322 
1 0.318182 0.54918 0.032727 0.038251 
1 0.345455 0.546448 0.036364 0.054645 
1 0.396364 0.565574 0.036364 0.071038 
1 0.352727 0.590164 0.036364 0.032787 
1 0.187273 0.612022 0.04 0.032787 
1 0.225455 0.598361 0.029091 0.027322 
1 0.250909 0.606557 0.036364 0.021858 
1 0.770909 0.677596 0.036364 0.054645 
1 0.814545 0.937158 0.029091 0.04918 
1 0.963636 0.819672 0.029091 0.054645 
1 0.94 0.740437 0.04 0.04918 
1 0.929091 0.669399 0.032727 0.038251 
1 0.918182 0.516393 0.04 0.038251 
1 0.634545 0.489071 0.047273 0.027322 
1 0.883636 0.535519 0.029091 0.021858 
2 0.709091 0.617486 0.16 0.185792 
2 0.547273 0.434426 0.090909 0.147541 
2 0.358182 0.513661 0.141818 0.185792 
2 0.165455 0.428962 0.149091 0.103825 
1 0.310909 0.806011 0.032727 0.027322 
1 0.690909 0.551913 0.029091 0.054645 
1 0.743636 0.587432 0.032727 0.071038 
1 0.56 0.464481 0.043636 0.032787 
1 0.572727 0.431694 0.032727 0.065574 
1 0.3 0.704918 0.032727 0.054645 
1 0.318182 0.748634 0.025455 0.021858 
1 0.374545 0.773224 0.036364 0.060109 
1 0.316364 0.86612 0.029091 0.04918 
1 0.303636 0.959016 0.032727 0.027322 
1 0.596364 0.945355 0.029091 0.032787 
1 0.670909 0.939891 0.032727 0.032787 
1 0.685455 0.795082 0.032727 0.038251 
1 0.643636 0.879781 0.036364 0.021858 
1 0.492727 0.934426 0.032727 0.043716 
1 0.441818 0.868852 0.032727 0.054645 
1 0.494545 0.756831 0.036364 0.071038 
1 0.674545 0.688525 0.032727 0.043716 
1 0.649091 0.653005 0.032727 0.027322 
1 0.723636 0.464481 0.036364 0.021858 
1 0.812727 0.191257 0.032727 0.032787 
1 0.558182 0.20765 0.04 0.043716 
1 0.663636 0.210383 0.04 0.04918 
1 0.714545 0.07377 0.04 0.038251 
1 0.745455 0.098361 0.029091 0.032787 
1 0.78 0.098361 0.04 0.032787 
1 0.945455 0.226776 0.036364 0.027322 
1 0.490909 0.177596 0.029091 0.04918 
1 0.336364 0.120219 0.032727 0.065574 
1 0.374545 0.125683 0.036364 0.032787 
1 0.241818 0.163934 0.04 0.065574 
