1 0.424219 0.59537 0.020313 0.012963 
1 0.732292 0.945833 0.025 0.017593 
1 0.58125 0.780556 0.010417 0.009259 
1 0.499219 0.898148 0.056771 0.031481 
1 0.281771 0.83287 0.0375 0.071296 
1 0.196875 0.847685 0.040625 0.019444 
1 0.032552 0.815741 0.040104 0.022222 
1 0.034115 0.854167 0.041146 0.050926 
1 0.03151 0.90463 0.063021 0.075926 
1 0.741667 0.596759 0.0125 0.013889 
1 0.547396 0.577778 0.077083 0.05 
1 0.595052 0.277315 0.054688 0.028704 
1 0.410417 0.161111 0.054167 0.05 
1 0.485938 0.308333 0.028125 0.031481 
1 0.321354 0.34537 0.061458 0.051852 
1 0.452604 0.486574 0.052083 0.036111 
1 0.346615 0.576852 0.024479 0.057407 
1 0.26901 0.611574 0.068229 0.062037 
1 0.208073 0.617593 0.043229 0.027778 
1 0.175521 0.596296 0.044792 0.022222 
1 0.130729 0.561111 0.027083 0.025926 
1 0.197135 0.484722 0.041146 0.025 
1 0.170313 0.444907 0.058333 0.025 
1 0.090365 0.393056 0.074479 0.084259 
1 0.124479 0.276389 0.034375 0.019444 
1 0.022396 0.256944 0.044792 0.099074 
1 0.05599 0.161111 0.031771 0.016667 
1 0.021094 0.168519 0.028646 0.042593 
1 0.728906 0.628704 0.036979 0.033333 
1 0.727344 0.82963 0.031771 0.031481 
1 0.814323 0.799537 0.011979 0.012037 
