1 0.466667 0.575926 0.023958 0.012963 
1 0.020313 0.143981 0.020833 0.041667 
1 0.170573 0.15 0.103646 0.107407 
1 0.176563 0.208333 0.03125 0.033333 
1 0.226562 0.225926 0.023958 0.044444 
1 0.270833 0.176389 0.028125 0.021296 
1 0.309375 0.191204 0.020833 0.047222 
1 0.316927 0.161111 0.009896 0.009259 
1 0.429948 0.040741 0.013021 0.014815 
1 0.602865 0.096296 0.016146 0.02037 
1 0.630469 0.189815 0.025521 0.022222 
1 0.413802 0.281019 0.023438 0.013889 
1 0.090885 0.336111 0.050521 0.044444 
1 0.165885 0.270833 0.036979 0.036111 
1 0.205729 0.3 0.034375 0.059259 
1 0.053646 0.42037 0.023958 0.014815 
1 0.091146 0.471296 0.022917 0.027778 
1 0.159635 0.423611 0.021354 0.015741 
1 0.144271 0.516667 0.015625 0.018519 
1 0.082031 0.559722 0.026562 0.012037 
1 0.157031 0.588889 0.014063 0.016667 
1 0.138542 0.62037 0.0125 0.016667 
1 0.223698 0.490278 0.011979 0.019444 
1 0.315885 0.394444 0.025521 0.024074 
1 0.283594 0.473611 0.017188 0.017593 
1 0.468229 0.322222 0.023958 0.024074 
1 0.501563 0.327315 0.023958 0.013889 
1 0.46276 0.387963 0.019271 0.022222 
1 0.464062 0.414352 0.016667 0.021296 
1 0.421094 0.485648 0.024479 0.023148 
1 0.342187 0.55463 0.020833 0.012963 
1 0.347135 0.574537 0.019271 0.015741 
1 0.357552 0.605556 0.009896 0.007407 
1 0.411198 0.517593 0.033854 0.02963 
1 0.494792 0.506481 0.011458 0.035185 
1 0.564583 0.333333 0.017708 0.009259 
1 0.671615 0.216667 0.028646 0.02963 
1 0.672396 0.177778 0.019792 0.011111 
1 0.635938 0.311574 0.021875 0.037963 
1 0.588021 0.346296 0.015625 0.011111 
1 0.565885 0.438889 0.010937 0.009259 
1 0.704948 0.451852 0.021354 0.018519 
1 0.667969 0.468056 0.026562 0.017593 
1 0.609375 0.48287 0.019792 0.013889 
1 0.59375 0.494444 0.027083 0.011111 
1 0.538281 0.587037 0.025521 0.018519 
1 0.633073 0.527315 0.023438 0.025 
1 0.654687 0.546296 0.023958 0.037037 
1 0.647135 0.576852 0.009896 0.016667 
1 0.679688 0.565741 0.016667 0.048148 
1 0.740104 0.5375 0.01875 0.037963 
1 0.452083 0.586111 0.015625 0.024074 
1 0.469271 0.590278 0.007292 0.019444 
1 0.883073 0.375463 0.023438 0.028704 
1 0.98724 0.399074 0.023438 0.038889 
1 0.945312 0.55 0.015625 0.024074 
1 0.965104 0.629167 0.0125 0.012037 
1 0.807552 0.698611 0.029687 0.015741 
1 0.338281 0.656481 0.014063 0.012963 
