1 0.258594 0.168981 0.030729 0.017593 
1 0.265365 0.385185 0.027604 0.035185 
1 0.26276 0.4125 0.026562 0.025 
1 0.060156 0.383333 0.020313 0.018519 
1 0.058854 0.199537 0.0375 0.036111 
1 0.086198 0.165741 0.031771 0.02037 
1 0.150781 0.091204 0.018229 0.050926 
1 0.16875 0.0875 0.009375 0.010185 
1 0.29349 0.183333 0.010937 0.007407 
1 0.342969 0.24537 0.014063 0.018519 
1 0.06849 0.446759 0.031771 0.008333 
1 0.111198 0.451852 0.019271 0.014815 
1 0.466667 0.375926 0.0125 0.018519 
1 0.451302 0.429167 0.018229 0.012037 
1 0.433333 0.506481 0.025 0.016667 
1 0.973437 0.242593 0.033333 0.016667 
1 0.876302 0.556019 0.011979 0.019444 
1 0.326302 0.490741 0.019271 0.07037 
1 0.369531 0.569907 0.073438 0.110185 
1 0.353906 0.602315 0.018229 0.015741 
1 0.446615 0.586574 0.025521 0.012037 
1 0.521354 0.557407 0.021875 0.027778 
1 0.55 0.490741 0.015625 0.027778 
1 0.585417 0.498611 0.011458 0.021296 
1 0.560677 0.566667 0.025521 0.016667 
1 0.713802 0.592593 0.034896 0.02963 
1 0.744531 0.228704 0.035937 0.014815 
1 0.747396 0.164815 0.020833 0.02037 
1 0.619792 0.173611 0.026042 0.019444 
1 0.548438 0.317593 0.025 0.024074 
1 0.647396 0.397222 0.009375 0.068519 
1 0.753125 0.442593 0.030208 0.02037 
1 0.68151 0.481019 0.026562 0.013889 
1 0.655208 0.468981 0.017708 0.015741 
1 0.615885 0.472685 0.022396 0.008333 
1 0.369271 0.353704 0.014583 0.033333 
