1 0.81875 0.908333 0.035417 0.02963 
1 0.834375 0.2125 0.071875 0.115741 
1 0.944271 0.165741 0.034375 0.018519 
1 0.853906 0.313426 0.031771 0.021296 
1 0.957031 0.302778 0.024479 0.042593 
1 0.957031 0.372222 0.084896 0.062963 
1 0.953125 0.53287 0.069792 0.056481 
1 0.178906 0.459722 0.010937 0.012037 
1 0.482812 0.393056 0.096875 0.086111 
1 0.460677 0.474074 0.011979 0.018519 
1 0.296875 0.572685 0.078125 0.082407 
1 0.391927 0.544907 0.011979 0.013889 
1 0.457031 0.546296 0.029687 0.055556 
1 0.527344 0.55787 0.016146 0.021296 
1 0.604688 0.564352 0.064583 0.023148 
1 0.633594 0.596296 0.016146 0.025926 
1 0.194792 0.574074 0.033333 0.025926 
1 0.233594 0.628704 0.019271 0.02963 
1 0.077083 0.298148 0.041667 0.044444 
1 0.505729 0.58287 0.011458 0.015741 
1 0.492969 0.651852 0.036979 0.092593 
1 0.844531 0.758333 0.035937 0.042593 
1 0.634115 0.783333 0.064062 0.053704 
1 0.586719 0.88287 0.056771 0.039815 
1 0.834115 0.918056 0.042188 0.013889 
1 0.238021 0.29213 0.065625 0.163889 
1 0.366927 0.305556 0.056771 0.02037 
1 0.447656 0.214815 0.055729 0.037037 
1 0.58151 0.282407 0.039062 0.062963 
1 0.657292 0.298148 0.014583 0.018519 
1 0.564844 0.08287 0.033854 0.099074 
1 0.697396 0.133333 0.045833 0.062963 
1 0.70599 0.117593 0.013021 0.016667 
1 0.897135 0.09537 0.053646 0.033333 
1 0.780208 0.1875 0.071875 0.065741 
