1 0.519531 0.617593 0.057813 0.07963 
1 0.976042 0.298611 0.046875 0.028704 
1 0.98151 0.179167 0.036979 0.067593 
1 0.786458 0.530556 0.053125 0.05 
1 0.62474 0.507407 0.049479 0.025926 
1 0.604167 0.489815 0.0625 0.037037 
1 0.539062 0.536574 0.061458 0.032407 
1 0.090365 0.111574 0.019271 0.013889 
1 0.285938 0.431481 0.010417 0.014815 
1 0.257812 0.078704 0.048958 0.098148 
1 0.586719 0.097222 0.049479 0.02963 
1 0.267188 0.215741 0.05 0.092593 
1 0.155729 0.348611 0.123958 0.093519 
1 0.046875 0.268981 0.059375 0.034259 
1 0.041406 0.225 0.038021 0.05 
1 0.40625 0.485185 0.034375 0.038889 
1 0.988281 0.960185 0.017188 0.014815 
1 0.872396 0.913426 0.067708 0.063889 
1 0.745833 0.744907 0.0125 0.010185 
1 0.646875 0.696296 0.010417 0.007407 
1 0.152344 0.937037 0.027604 0.033333 
1 0.078906 0.880556 0.059896 0.031481 
1 0.096354 0.793056 0.007292 0.00463 
1 0.032552 0.743981 0.040104 0.050926 
1 0.047396 0.665741 0.045833 0.125926 
1 0.198437 0.7 0.047917 0.031481 
1 0.27526 0.562963 0.039062 0.048148 
1 0.290625 0.53287 0.010417 0.017593 
1 0.31849 0.551389 0.042188 0.021296 
1 0.42474 0.711574 0.055729 0.036111 
