1 0.701562 0.577315 0.017708 0.023148 
1 0.633333 0.56713 0.017708 0.015741 
1 0.603125 0.611111 0.023958 0.02037 
1 0.5 0.647685 0.027083 0.023148 
1 0.507292 0.691204 0.0125 0.006481 
1 0.667969 0.644907 0.031771 0.017593 
1 0.703906 0.646759 0.023438 0.030556 
1 0.769271 0.615741 0.030208 0.031481 
1 0.865104 0.637963 0.032292 0.025926 
1 0.984115 0.560185 0.030729 0.007407 
1 0.891667 0.661111 0.013542 0.018519 
1 0.815104 0.511111 0.019792 0.011111 
1 0.79401 0.493056 0.035937 0.025 
1 0.644792 0.44537 0.03125 0.018519 
1 0.509375 0.52037 0.025 0.044444 
1 0.466146 0.500463 0.027083 0.006481 
1 0.41224 0.577315 0.025521 0.021296 
1 0.390104 0.606019 0.026042 0.028704 
1 0.329167 0.622685 0.044792 0.032407 
1 0.140625 0.621296 0.017708 0.027778 
1 0.300521 0.583796 0.022917 0.021296 
1 0.356771 0.593981 0.01875 0.032407 
1 0.339323 0.533333 0.019271 0.016667 
1 0.310417 0.544444 0.014583 0.012963 
1 0.297396 0.540741 0.019792 0.016667 
1 0.581771 0.1375 0.028125 0.017593 
1 0.491667 0.161574 0.028125 0.028704 
1 0.474219 0.205093 0.011979 0.012037 
1 0.365365 0.15 0.007812 0.014815 
1 0.224479 0.036574 0.008333 0.013889 
1 0.13724 0.096759 0.036979 0.023148 
1 0.257031 0.526852 0.034896 0.057407 
1 0.16276 0.526852 0.031771 0.014815 
1 0.158854 0.486111 0.009375 0.022222 
1 0.207292 0.477778 0.009375 0.027778 
1 0.341146 0.464352 0.011458 0.019444 
1 0.517708 0.436111 0.023958 0.018519 
1 0.528385 0.406944 0.027604 0.021296 
1 0.689063 0.363426 0.027083 0.023148 
1 0.795052 0.389815 0.019271 0.025926 
1 0.846615 0.352315 0.019271 0.017593 
1 0.826562 0.334259 0.026042 0.018519 
1 0.759896 0.264352 0.022917 0.023148 
1 0.528646 0.364815 0.014583 0.02037 
1 0.354687 0.37963 0.011458 0.024074 
1 0.339323 0.363889 0.014063 0.022222 
1 0.248177 0.325463 0.025521 0.043519 
1 0.05625 0.318056 0.022917 0.023148 
1 0.965625 0.881944 0.036458 0.102778 
1 0.732031 0.543981 0.036979 0.025 
