1 0.267448 0.035648 0.051562 0.056481 
1 0.617188 0.310185 0.047917 0.022222 
1 0.202083 0.053704 0.033333 0.083333 
1 0.47474 0.618056 0.018229 0.012037 
1 0.49401 0.528704 0.074479 0.025926 
1 0.353125 0.531019 0.034375 0.021296 
1 0.330208 0.493519 0.035417 0.02037 
1 0.298177 0.511574 0.034896 0.026852 
1 0.072135 0.603241 0.048438 0.017593 
1 0.132812 0.517593 0.033333 0.025926 
1 0.184635 0.434259 0.071354 0.025926 
1 0.28151 0.40787 0.055729 0.032407 
1 0.094271 0.2375 0.030208 0.015741 
1 0.295312 0.231481 0.047917 0.127778 
1 0.265625 0.192593 0.028125 0.018519 
1 0.2625 0.161574 0.052083 0.036111 
1 0.873698 0.584722 0.011979 0.012037 
1 0.914583 0.75 0.045833 0.018519 
1 0.819531 0.743981 0.033854 0.028704 
1 0.829167 0.828704 0.0125 0.011111 
1 0.538281 0.893519 0.027604 0.018519 
1 0.242188 0.773611 0.061458 0.050926 
1 0.126042 0.787963 0.057292 0.053704 
1 0.130469 0.896759 0.034896 0.021296 
1 0.121615 0.962037 0.064062 0.038889 
1 0.083594 0.740278 0.008854 0.010185 
1 0.544792 0.7875 0.010417 0.008333 
