1 0.546615 0.543056 0.022396 0.025 
1 0.784635 0.239815 0.029687 0.022222 
1 0.783854 0.147222 0.01875 0.018519 
1 0.603385 0.169444 0.024479 0.018519 
1 0.590365 0.307407 0.021354 0.027778 
1 0.694531 0.35787 0.019271 0.019444 
1 0.77474 0.444444 0.029687 0.014815 
1 0.248438 0.175463 0.032292 0.013889 
1 0.048438 0.143981 0.028125 0.026852 
1 0.677344 0.477778 0.025521 0.022222 
1 0.684115 0.491204 0.025521 0.013889 
1 0.716927 0.600926 0.033854 0.024074 
1 0.839063 0.557407 0.015625 0.018519 
1 0.561719 0.556019 0.025521 0.015741 
1 0.57474 0.497685 0.020313 0.028704 
1 0.544531 0.482407 0.010937 0.016667 
1 0.203906 0.555093 0.020313 0.010185 
1 0.429948 0.570833 0.023438 0.010185 
1 0.443229 0.59213 0.023958 0.019444 
1 0.464583 0.526852 0.029167 0.022222 
1 0.695833 0.639815 0.011458 0.009259 
1 0.510938 0.60463 0.005208 0.005556 
1 0.58776 0.658796 0.017188 0.026852 
1 0.958073 0.628704 0.011979 0.009259 
1 0.279948 0.788426 0.024479 0.028704 
1 0.363542 0.718519 0.015625 0.016667 
1 0.435677 0.741667 0.074479 0.083333 
1 0.392708 0.016667 0.014583 0.009259 
1 0.159896 0.088889 0.009375 0.009259 
1 0.214583 0.59537 0.008333 0.022222 
1 0.127083 0.944907 0.009375 0.019444 
1 0.069531 0.038426 0.021354 0.049074 
1 0.019531 0.161111 0.039062 0.035185 
1 0.075521 0.464815 0.026042 0.012963 
1 0.066406 0.514352 0.008854 0.012037 
1 0.246354 0.421759 0.023958 0.028704 
1 0.238542 0.528704 0.014583 0.022222 
1 0.407552 0.598148 0.027604 0.035185 
1 0.402344 0.625926 0.010937 0.018519 
1 0.397396 0.656944 0.0125 0.008333 
1 0.50625 0.64213 0.025 0.030556 
1 0.508594 0.318056 0.024479 0.012037 
1 0.479948 0.277315 0.017188 0.023148 
1 0.457813 0.288426 0.023958 0.017593 
1 0.411979 0.340741 0.013542 0.024074 
1 0.315885 0.34213 0.015104 0.034259 
1 0.342708 0.38287 0.03125 0.028704 
1 0.295312 0.229167 0.016667 0.013889 
1 0.280208 0.193981 0.010417 0.008333 
1 0.366406 0.611111 0.020313 0.012963 
1 0.350781 0.531019 0.015104 0.013889 
1 0.433854 0.51713 0.025 0.013889 
1 0.445573 0.436111 0.017188 0.014815 
1 0.629167 0.466667 0.027083 0.014815 
