1 0.379427 0.250463 0.018229 0.013889 
1 0.415104 0.231481 0.017708 0.016667 
1 0.538802 0.181019 0.021354 0.025 
1 0.609635 0.189352 0.023438 0.023148 
1 0.659115 0.196296 0.018229 0.022222 
1 0.51849 0.291204 0.010937 0.012037 
1 0.465104 0.291204 0.013542 0.008333 
1 0.427083 0.271759 0.017708 0.013889 
1 0.408333 0.262963 0.011458 0.007407 
1 0.427344 0.260185 0.013021 0.009259 
1 0.59401 0.314352 0.015104 0.010185 
1 0.636979 0.331019 0.0125 0.015741 
1 0.613542 0.215741 0.016667 0.014815 
1 0.56875 0.217593 0.014583 0.02037 
1 0.683594 0.232407 0.017188 0.02037 
1 0.692708 0.311574 0.013542 0.010185 
1 0.660677 0.297685 0.010937 0.017593 
1 0.886979 0.216204 0.014583 0.019444 
1 0.772656 0.306481 0.007812 0.014815 
2 0.373177 0.231944 0.128646 0.097222 
2 0.508333 0.253704 0.136458 0.092593 
2 0.641667 0.281481 0.139583 0.112963 
2 0.766667 0.285185 0.110417 0.127778 
2 0.886458 0.278241 0.1125 0.110185 
1 0.94375 0.216667 0.010417 0.011111 
2 0.976562 0.318519 0.039583 0.051852 
1 0.660156 0.253241 0.013021 0.012037 
1 0.681771 0.262037 0.0125 0.014815 
1 0.477865 0.258796 0.014063 0.015741 
1 0.403125 0.194907 0.019792 0.019444 
1 0.35026 0.193519 0.023438 0.016667 
1 0.459375 0.257407 0.013542 0.014815 
1 0.322135 0.221296 0.014063 0.025926 
1 0.332813 0.252778 0.01875 0.02037 
1 0.351562 0.25463 0.01875 0.014815 
1 0.369531 0.241667 0.021354 0.007407 
