1 0.234375 0.481944 0.021875 0.025 
1 0.304167 0.106019 0.059375 0.058333 
1 0.214583 0.206019 0.066667 0.149074 
1 0.125521 0.152315 0.094792 0.067593 
1 0.0875 0.102778 0.00625 0.012963 
1 0.084896 0.277778 0.01875 0.014815 
1 0.241927 0.511111 0.024479 0.011111 
1 0.284115 0.600463 0.010937 0.015741 
1 0.066927 0.593056 0.011979 0.008333 
1 0.108594 0.706944 0.010937 0.015741 
1 0.167448 0.664815 0.006771 0.009259 
1 0.240625 0.78287 0.10625 0.178704 
1 0.299219 0.934259 0.027604 0.031481 
1 0.586719 0.468519 0.042188 0.035185 
1 0.630208 0.184722 0.017708 0.012037 
1 0.851562 0.204167 0.082292 0.036111 
1 0.717708 0.556019 0.048958 0.067593 
1 0.771354 0.485648 0.011458 0.010185 
1 0.603385 0.753704 0.054688 0.048148 
1 0.828385 0.510648 0.057813 0.039815 
1 0.955729 0.5 0.075 0.103704 
1 0.873437 0.61713 0.066667 0.041667 
1 0.863802 0.819907 0.059896 0.025 
1 0.713281 0.914352 0.067187 0.028704 
1 0.786198 0.934722 0.104688 0.123148 
1 0.876042 0.949537 0.085417 0.097222 
