1 0.272396 0.256481 0.090625 0.135185 
1 0.341667 0.189815 0.048958 0.087037 
1 0.333594 0.056944 0.047396 0.113889 
1 0.052344 0.569444 0.070312 0.109259 
1 0.232031 0.682407 0.052604 0.081481 
1 0.232292 0.458333 0.01875 0.011111 
1 0.29974 0.382407 0.022396 0.027778 
1 0.423698 0.256019 0.045312 0.036111 
1 0.56901 0.349074 0.073438 0.107407 
1 0.458854 0.399074 0.017708 0.033333 
1 0.495833 0.464352 0.015625 0.028704 
1 0.282031 0.615741 0.028646 0.022222 
1 0.33125 0.628241 0.034375 0.036111 
1 0.3375 0.953704 0.033333 0.040741 
1 0.57526 0.551852 0.010937 0.016667 
1 0.609896 0.441204 0.065625 0.039815 
1 0.64974 0.274074 0.013021 0.02037 
1 0.689844 0.533333 0.009896 0.012963 
1 0.801302 0.668519 0.092188 0.109259 
1 0.933854 0.75 0.078125 0.061111 
1 0.934896 0.384259 0.086458 0.048148 
1 0.702083 0.852778 0.038542 0.031481 
1 0.952083 0.932407 0.039583 0.031481 
1 0.50026 0.902315 0.065104 0.082407 
1 0.67474 0.772685 0.077604 0.084259 
1 0.633854 0.074537 0.057292 0.062037 
1 0.829688 0.2 0.089583 0.042593 
1 0.93125 0.226852 0.033333 0.014815 
1 0.849219 0.027778 0.049479 0.025926 
1 0.192708 0.158796 0.059375 0.062037 
