1 0.226823 0.491667 0.009896 0.007407 
1 0.022135 0.634259 0.030729 0.012963 
1 0.101042 0.612037 0.01875 0.018519 
1 0.034896 0.411574 0.026042 0.013889 
1 0.180729 0.371296 0.019792 0.016667 
1 0.154948 0.563426 0.017188 0.04537 
1 0.214323 0.503241 0.017188 0.015741 
1 0.311458 0.585648 0.009375 0.010185 
1 0.455469 0.597222 0.023438 0.024074 
1 0.397656 0.587963 0.016146 0.016667 
1 0.37474 0.528241 0.019271 0.013889 
1 0.341667 0.474537 0.01875 0.019444 
1 0.292969 0.386574 0.020313 0.023148 
1 0.23776 0.115278 0.009896 0.008333 
1 0.1375 0.216204 0.035417 0.012037 
1 0.229948 0.208796 0.020313 0.025 
1 0.366667 0.155093 0.007292 0.010185 
1 0.390365 0.164352 0.015104 0.041667 
1 0.402344 0.205093 0.023438 0.030556 
1 0.402344 0.243981 0.023438 0.047222 
1 0.464323 0.406481 0.023438 0.016667 
1 0.478646 0.412963 0.016667 0.037037 
1 0.49401 0.298148 0.025521 0.018519 
1 0.523958 0.340741 0.016667 0.02037 
1 0.523438 0.315741 0.019792 0.02037 
1 0.550781 0.340278 0.016146 0.021296 
1 0.523177 0.522222 0.023438 0.012963 
1 0.541406 0.467593 0.025521 0.018519 
1 0.571354 0.526389 0.021875 0.015741 
1 0.53099 0.572685 0.026562 0.015741 
1 0.503906 0.674074 0.019271 0.027778 
1 0.540885 0.651389 0.010937 0.013889 
1 0.614062 0.563426 0.0125 0.013889 
1 0.61276 0.490278 0.023438 0.019444 
1 0.596354 0.584259 0.017708 0.02037 
1 0.69349 0.836111 0.008854 0.012963 
1 0.694531 0.509722 0.013021 0.012037 
1 0.729167 0.518519 0.019792 0.02037 
1 0.74375 0.574537 0.020833 0.023148 
1 0.733594 0.671759 0.019271 0.026852 
1 0.776302 0.568981 0.016146 0.039815 
1 0.898958 0.564815 0.0125 0.014815 
1 0.779167 0.443981 0.023958 0.021296 
1 0.709635 0.388889 0.022396 0.025926 
1 0.742708 0.368519 0.034375 0.02963 
1 0.668229 0.341204 0.021875 0.010185 
1 0.558594 0.207407 0.035937 0.027778 
1 0.601562 0.200463 0.027083 0.013889 
1 0.571354 0.164352 0.025 0.019444 
1 0.759635 0.110648 0.029687 0.026852 
1 0.29349 0.606481 0.019271 0.025926 
1 0.19974 0.613889 0.020313 0.012963 
1 0.20625 0.592593 0.010417 0.02037 
1 0.197917 0.575926 0.0125 0.016667 
