1 0.476364 0.543716 0.065455 0.04918 
1 0.290909 0.76776 0.036364 0.060109 
1 0.858182 0.606557 0.036364 0.032787 
1 0.869091 0.680328 0.036364 0.027322 
1 0.805455 0.674863 0.018182 0.038251 
1 0.565455 0.581967 0.025455 0.04918 
1 0.043636 0.644809 0.029091 0.043716 
1 0.076364 0.581967 0.058182 0.027322 
1 0.26 0.721311 0.083636 0.054645 
1 0.938182 0.663934 0.101818 0.027322 
1 0.778182 0.595628 0.036364 0.032787 
1 0.66 0.516393 0.069091 0.027322 
1 0.587273 0.680328 0.061818 0.060109 
1 0.536364 0.639344 0.061818 0.043716 
1 0.1 0.319672 0.047273 0.027322 
1 0.349091 0.286885 0.058182 0.038251 
1 0.470909 0.363388 0.032727 0.04918 
1 0.227273 0.396175 0.025455 0.027322 
1 0.263636 0.401639 0.04 0.04918 
1 0.287273 0.456284 0.036364 0.027322 
1 0.127273 0.483607 0.050909 0.038251 
1 0.170909 0.478142 0.036364 0.027322 
1 0.089091 0.459016 0.032727 0.032787 
1 0.712727 0.398907 0.050909 0.054645 
1 0.661818 0.45082 0.101818 0.027322 
1 0.505455 0.612022 0.065455 0.032787 
1 0.427273 0.45082 0.04 0.038251 
