1 0.886719 0.339352 0.024479 0.025 
1 0.76276 0.430093 0.043229 0.080556 
1 0.802604 0.631481 0.025 0.040741 
1 0.778646 0.67037 0.041667 0.02963 
1 0.044271 0.330093 0.039583 0.041667 
1 0.140625 0.469444 0.022917 0.037037 
1 0.03125 0.044907 0.03125 0.086111 
1 0.330469 0.343519 0.050521 0.037037 
1 0.446354 0.418056 0.053125 0.049074 
1 0.2625 0.100463 0.023958 0.034259 
1 0.240104 0.038426 0.048958 0.076852 
1 0.430729 0.762963 0.057292 0.044444 
1 0.541927 0.69537 0.024479 0.038889 
1 0.5625 0.594907 0.051042 0.036111 
1 0.673177 0.373611 0.064062 0.065741 
1 0.689063 0.262037 0.03125 0.044444 
1 0.765625 0.243981 0.053125 0.037963 
1 0.835677 0.293519 0.043229 0.057407 
1 0.586198 0.964352 0.050521 0.071296 
1 0.666667 0.755093 0.053125 0.034259 
1 0.891406 0.587037 0.051562 0.042593 
1 0.379427 0.194907 0.007812 0.008333 
1 0.101042 0.259259 0.015625 0.012963 
