1 0.030208 0.055093 0.060417 0.084259 
1 0.679167 0.45787 0.046875 0.028704 
1 0.588021 0.52963 0.04375 0.038889 
1 0.571615 0.598148 0.055729 0.112963 
1 0.698958 0.697685 0.053125 0.058333 
1 0.844271 0.801389 0.058333 0.021296 
1 0.726042 0.901852 0.070833 0.085185 
1 0.970052 0.666667 0.059896 0.062963 
1 0.882552 0.228704 0.079687 0.027778 
1 0.642188 0.174074 0.017708 0.009259 
1 0.273177 0.028241 0.023438 0.025 
1 0.214062 0.041204 0.059375 0.073148 
1 0.070833 0.105556 0.005208 0.011111 
1 0.054948 0.26713 0.022396 0.010185 
1 0.205208 0.181944 0.088542 0.112037 
1 0.217969 0.476389 0.021354 0.015741 
1 0.266667 0.523148 0.023958 0.009259 
1 0.332813 0.623148 0.010417 0.012963 
1 0.10599 0.596759 0.010937 0.012037 
1 0.138542 0.706481 0.009375 0.012963 
1 0.215885 0.687037 0.007812 0.011111 
1 0.111979 0.813426 0.079167 0.173148 
1 0.220312 0.932407 0.079167 0.077778 
1 0.255469 0.918056 0.026562 0.036111 
1 0.771094 0.491204 0.008854 0.006481 
