1 0.417187 0.400926 0.026042 0.022222 
1 0.642969 0.375463 0.011979 0.010185 
1 0.436458 0.464815 0.022917 0.025926 
1 0.049219 0.617593 0.023438 0.018519 
1 0.347656 0.231019 0.007812 0.012037 
1 0.31901 0.199537 0.051562 0.037963 
1 0.298438 0.223611 0.064583 0.026852 
1 0.333594 0.322222 0.042188 0.057407 
1 0.276562 0.302778 0.053125 0.062963 
1 0.3125 0.410648 0.03125 0.041667 
1 0.192708 0.471296 0.023958 0.05 
1 0.053646 0.463426 0.033333 0.034259 
1 0.129167 0.590741 0.040625 0.055556 
1 0.389844 0.95 0.028646 0.087037 
1 0.470573 0.684722 0.030729 0.050926 
1 0.607552 0.606481 0.025521 0.027778 
1 0.616667 0.566204 0.033333 0.025 
1 0.620573 0.403704 0.065104 0.035185 
1 0.963281 0.56713 0.055729 0.030556 
1 0.779427 0.2875 0.014063 0.025 
1 0.858073 0.276389 0.064062 0.063889 
1 0.777604 0.240741 0.055208 0.07963 
1 0.699219 0.052315 0.049479 0.041667 
1 0.496094 0.321759 0.121354 0.14537 
1 0.4125 0.224537 0.027083 0.073148 
1 0.120833 0.175463 0.014583 0.017593 
