1 0.402083 0.17037 0.054167 0.033333 
1 0.829167 0.958796 0.097917 0.082407 
1 0.880469 0.826852 0.056771 0.02037 
1 0.691146 0.924074 0.064583 0.031481 
1 0.486198 0.463889 0.042188 0.037037 
1 0.245052 0.485185 0.026562 0.022222 
1 0.216927 0.498148 0.023438 0.007407 
1 0.026562 0.584722 0.013542 0.008333 
1 0.232552 0.578704 0.009896 0.014815 
1 0.117708 0.642593 0.007292 0.005556 
1 0.076302 0.706019 0.007812 0.015741 
1 0.754687 0.518519 0.058333 0.038889 
1 0.769792 0.486111 0.009375 0.007407 
1 0.614583 0.200926 0.019792 0.014815 
1 0.820052 0.169907 0.078646 0.037963 
1 0.871094 0.542593 0.049479 0.107407 
1 0.911458 0.470833 0.069792 0.056481 
1 0.330208 0.949074 0.032292 0.027778 
1 0.823438 0.501389 0.042708 0.058333 
1 0.438802 0.850926 0.119271 0.212963 
1 0.504167 0.800926 0.053125 0.068519 
1 0.820573 0.684259 0.064062 0.033333 
1 0.278125 0.225463 0.069792 0.086111 
1 0.242708 0.229167 0.092708 0.060185 
1 0.115365 0.285648 0.020313 0.013889 
1 0.102083 0.098611 0.007292 0.008333 
