1 0.870833 0.656481 0.084375 0.101852 
1 0.401823 0.287037 0.081771 0.144444 
1 0.60599 0.268056 0.039062 0.060185 
1 0.677865 0.151852 0.016146 0.011111 
1 0.711458 0.080093 0.021875 0.037963 
1 0.76901 0.105556 0.015104 0.011111 
1 0.359635 0.385648 0.055729 0.058333 
1 0.12474 0.377315 0.070312 0.043519 
1 0.176563 0.423611 0.032292 0.023148 
1 0.266927 0.448148 0.071354 0.046296 
1 0.202083 0.578241 0.015625 0.013889 
1 0.334115 0.550463 0.027604 0.010185 
1 0.227344 0.713426 0.008854 0.013889 
1 0.264583 0.726389 0.045833 0.037963 
1 0.085938 0.883796 0.017708 0.032407 
1 0.274219 0.822685 0.068229 0.100926 
1 0.351823 0.744907 0.007812 0.013889 
1 0.384896 0.721759 0.069792 0.078704 
1 0.473438 0.6875 0.00625 0.010185 
1 0.598958 0.718981 0.064583 0.052778 
1 0.66849 0.790741 0.068229 0.037037 
1 0.796354 0.724537 0.064583 0.028704 
1 0.966667 0.189815 0.066667 0.044444 
1 0.913802 0.441667 0.055729 0.022222 
1 0.817448 0.683333 0.066146 0.075926 
1 0.877083 0.653241 0.070833 0.049074 
1 0.469271 0.982407 0.05625 0.035185 
