1 0.633929 0.529018 0.035714 0.03125 
1 0.59375 0.566964 0.026786 0.017857 
1 0.540179 0.573661 0.017857 0.022321 
1 0.46875 0.578125 0.017857 0.022321 
1 0.428571 0.582589 0.017857 0.013393 
1 0.397321 0.584821 0.026786 0.035714 
1 0.272321 0.560268 0.017857 0.022321 
1 0.294643 0.566964 0.017857 0.026786 
1 0.314732 0.560268 0.013393 0.022321 
1 0.34375 0.598214 0.026786 0.017857 
1 0.370536 0.560268 0.017857 0.022321 
1 0.328125 0.575893 0.013393 0.017857 
1 0.84375 0.513393 0.026786 0.026786 
1 0.747768 0.533482 0.022321 0.022321 
