2 0.546875 0.497768 0.816964 0.424107 
1 0.830357 0.580357 0.089286 0.044643 
1 0.810268 0.542411 0.09375 0.03125 
1 0.616071 0.479911 0.116071 0.058036 
1 0.305804 0.522321 0.111607 0.044643 
1 0.209821 0.479911 0.089286 0.040179 
1 0.194196 0.520089 0.111607 0.040179 
1 0.301339 0.488839 0.102679 0.049107 
1 0.415179 0.444196 0.098214 0.040179 
1 0.470982 0.419643 0.120536 0.053571 
1 0.604911 0.366071 0.120536 0.071429 
1 0.727679 0.308036 0.125 0.044643 
1 0.665179 0.6875 0.089286 0.044643 
1 0.65625 0.631696 0.116071 0.040179 
