1 0.689063 0.891204 0.066667 0.060185 
1 0.726562 0.723611 0.011458 0.012037 
1 0.657031 0.663889 0.010937 0.011111 
1 0.684896 0.541204 0.053125 0.021296 
1 0.582031 0.560648 0.065104 0.039815 
1 0.54375 0.69213 0.033333 0.036111 
1 0.504687 0.703241 0.044792 0.025 
1 0.335417 0.922685 0.027083 0.028704 
1 0.926042 0.244444 0.045833 0.066667 
1 0.327083 0.773148 0.04375 0.07037 
1 0.435677 0.671296 0.056771 0.035185 
1 0.283333 0.604167 0.03125 0.026852 
1 0.138281 0.660648 0.044271 0.030556 
1 0.234115 0.563426 0.018229 0.013889 
1 0.16901 0.425 0.011979 0.012963 
1 0.335417 0.470833 0.054167 0.093519 
1 0.213542 0.34537 0.053125 0.044444 
1 0.132812 0.102778 0.046875 0.111111 
1 0.067187 0.221759 0.064583 0.041667 
1 0.171615 0.281481 0.015104 0.011111 
1 0.565104 0.220833 0.051042 0.017593 
1 0.658333 0.277778 0.083333 0.064815 
1 0.702083 0.118056 0.020833 0.043519 
