1 0.133594 0.089815 0.024479 0.025926 
1 0.701042 0.608796 0.03125 0.032407 
1 0.68099 0.631944 0.033854 0.036111 
1 0.080729 0.808333 0.042708 0.087037 
1 0.024479 0.781481 0.047917 0.037037 
1 0.426302 0.769907 0.022396 0.110185 
1 0.453646 0.593519 0.020833 0.038889 
1 0.58125 0.720833 0.047917 0.04537 
1 0.61276 0.513889 0.048438 0.033333 
1 0.658594 0.518056 0.102604 0.117593 
1 0.953646 0.583333 0.057292 0.033333 
1 0.283333 0.430556 0.025 0.022222 
1 0.04375 0.44213 0.042708 0.043519 
1 0.166667 0.372685 0.035417 0.041667 
1 0.300521 0.300926 0.045833 0.040741 
1 0.403646 0.331944 0.05 0.04537 
1 0.535937 0.378704 0.046875 0.055556 
1 0.510677 0.296296 0.033854 0.083333 
1 0.604427 0.285185 0.043229 0.037037 
1 0.686198 0.276389 0.058854 0.065741 
1 0.851042 0.30463 0.020833 0.027778 
1 0.74401 0.163426 0.047396 0.049074 
1 0.473438 0.15463 0.061458 0.077778 
1 0.36276 0.2125 0.007812 0.006481 
1 0.117708 0.228241 0.017708 0.010185 
1 0.6375 0.393519 0.010417 0.009259 
