1 0.735417 0.537963 0.008333 0.011111 
1 0.659896 0.956019 0.0125 0.023148 
1 0.663802 0.741667 0.081771 0.07037 
1 0.867188 0.527315 0.1 0.10463 
1 0.903385 0.57037 0.041146 0.038889 
1 0.947656 0.755093 0.042188 0.030556 
1 0.880469 0.737963 0.042188 0.05 
1 0.883333 0.785185 0.064583 0.101852 
1 0.896354 0.979167 0.052083 0.041667 
1 0.423177 0.501852 0.041146 0.02963 
1 0.396094 0.50787 0.071354 0.165741 
1 0.511198 0.912037 0.065104 0.024074 
1 0.169531 0.118519 0.006771 0.011111 
1 0.477865 0.0625 0.061979 0.04537 
1 0.507812 0.295833 0.014583 0.013889 
1 0.149219 0.339352 0.035937 0.021296 
1 0.025 0.439352 0.021875 0.013889 
1 0.13125 0.465278 0.032292 0.015741 
1 0.039323 0.555556 0.051562 0.037037 
1 0.25 0.48287 0.021875 0.013889 
1 0.85625 0.309259 0.10625 0.090741 
1 0.03776 0.789815 0.052604 0.107407 
1 0.188021 0.836111 0.038542 0.125926 
1 0.347396 0.635648 0.072917 0.087963 
1 0.774219 0.603241 0.011979 0.026852 
