1 0.934375 0.136111 0.045833 0.074074 
1 0.605469 0.198148 0.035937 0.046296 
1 0.561198 0.362037 0.061979 0.066667 
1 0.711719 0.229167 0.042188 0.04537 
1 0.73724 0.285648 0.038021 0.036111 
1 0.198437 0.550926 0.065625 0.061111 
1 0.06276 0.527778 0.044271 0.042593 
1 0.175781 0.481481 0.036979 0.044444 
1 0.138802 0.341667 0.054688 0.083333 
1 0.547917 0.675463 0.084375 0.05463 
1 0.526563 0.871296 0.053125 0.077778 
1 0.824479 0.416667 0.020833 0.025926 
1 0.720833 0.448611 0.01875 0.025 
1 0.765625 0.339352 0.027083 0.026852 
1 0.956771 0.300926 0.071875 0.124074 
2 0.170833 0.356944 0.335417 0.449074 
2 0.23776 0.714815 0.446354 0.203704 
2 0.488542 0.3625 0.272917 0.534259 
2 0.770312 0.686111 0.322917 0.207407 
2 0.532292 0.778241 0.117708 0.284259 
2 0.807292 0.334259 0.235417 0.259259 
1 0.857812 0.089815 0.036458 0.048148 
1 0.945312 0.584259 0.044792 0.059259 
1 0.975 0.512037 0.020833 0.027778 
1 0.982031 0.484722 0.018229 0.019444 
1 0.91224 0.444444 0.028646 0.027778 
1 0.884635 0.391204 0.024479 0.032407 
1 0.954948 0.212963 0.044271 0.053704 
