1 0.461719 0.606944 0.027604 0.028704 
1 0.626563 0.081019 0.039583 0.052778 
1 0.688021 0.253704 0.042708 0.055556 
1 0.805208 0.246759 0.042708 0.025 
1 0.930729 0.211111 0.0375 0.027778 
1 0.910417 0.327315 0.05625 0.067593 
1 0.803646 0.351389 0.01875 0.019444 
1 0.16224 0.312037 0.039062 0.053704 
1 0.545833 0.389352 0.054167 0.052778 
1 0.388542 0.382407 0.030208 0.038889 
1 0.878385 0.640741 0.073438 0.053704 
1 0.913021 0.660648 0.035417 0.041667 
1 0.847917 0.461111 0.042708 0.025926 
1 0.447656 0.726389 0.036979 0.036111 
1 0.465104 0.160648 0.046875 0.093519 
1 0.66849 0.406019 0.041146 0.036111 
1 0.758333 0.796296 0.091667 0.062963 
1 0.540365 0.785185 0.051562 0.088889 
1 0.9875 0.606944 0.014583 0.030556 
1 0.193229 0.862037 0.025 0.053704 
