1 0.65599 0.338426 0.014063 0.006481 
1 0.469792 0.281481 0.133333 0.046296 
1 0.528906 0.456481 0.045312 0.040741 
1 0.941927 0.541204 0.013021 0.012037 
1 0.063281 0.555093 0.126562 0.060185 
1 0.049219 0.76713 0.076563 0.097222 
1 0.240625 0.687037 0.089583 0.109259 
1 0.358854 0.598148 0.071875 0.101852 
1 0.389323 0.645833 0.114062 0.09537 
1 0.346354 0.751389 0.171875 0.086111 
1 0.511979 0.9375 0.089583 0.060185 
1 0.667448 0.784722 0.074479 0.126852 
1 0.709635 0.240741 0.053646 0.035185 
1 0.810417 0.057407 0.083333 0.090741 
1 0.814323 0.38287 0.015104 0.012037 
1 0.66849 0.213426 0.217188 0.134259 
