1 0.571354 0.238426 0.027083 0.034259 
1 0.802865 0.318519 0.040104 0.064815 
1 0.539844 0.248611 0.053646 0.026852 
1 0.744531 0.587963 0.047396 0.059259 
1 0.80651 0.822222 0.032813 0.092593 
1 0.704167 0.703704 0.009375 0.009259 
1 0.665885 0.633796 0.013021 0.010185 
1 0.70599 0.804167 0.042188 0.039815 
1 0.596094 0.718056 0.047396 0.097222 
1 0.583333 0.581481 0.0625 0.057407 
1 0.639844 0.861111 0.075521 0.107407 
1 0.615104 0.928241 0.04375 0.037963 
1 0.409896 0.716204 0.057292 0.037963 
1 0.355208 0.811111 0.03125 0.038889 
1 0.39375 0.482407 0.034375 0.046296 
1 0.241667 0.419444 0.015625 0.009259 
1 0.150521 0.296759 0.041667 0.106481 
1 0.120313 0.161111 0.057292 0.05 
1 0.040885 0.15463 0.043229 0.098148 
1 0.09349 0.341204 0.048438 0.078704 
1 0.048698 0.418519 0.011979 0.02037 
1 0.058333 0.617593 0.046875 0.035185 
1 0.115625 0.540278 0.028125 0.069444 
1 0.159115 0.582407 0.020313 0.014815 
1 0.155729 0.689352 0.039583 0.034259 
1 0.086979 0.759259 0.041667 0.051852 
1 0.015885 0.830556 0.023438 0.027778 
