1 0.799479 0.532407 0.033333 0.025926 
1 0.75651 0.575463 0.027604 0.023148 
1 0.461979 0.424537 0.05 0.100926 
1 0.20026 0.410185 0.084896 0.12963 
1 0.151562 0.188889 0.06875 0.096296 
1 0.273698 0.037963 0.082812 0.062963 
1 0.417969 0.508333 0.023438 0.022222 
1 0.360938 0.513889 0.021875 0.016667 
1 0.626042 0.710185 0.069792 0.103704 
1 0.658594 0.258333 0.079687 0.155556 
2 0.807813 0.549074 0.384375 0.344444 
2 0.515104 0.656481 0.29375 0.218519 
1 0.049219 0.174074 0.055729 0.077778 
2 0.18099 0.586574 0.361979 0.287963 
1 0.907813 0.458333 0.073958 0.068519 
1 0.866927 0.44537 0.049479 0.025926 
