1 0.639062 0.568981 0.042708 0.060185 
1 0.710677 0.315278 0.050521 0.099074 
1 0.721875 0.458796 0.048958 0.076852 
1 0.89974 0.539352 0.034896 0.034259 
1 0.945573 0.587037 0.038021 0.051852 
1 0.833333 0.625463 0.045833 0.060185 
1 0.565885 0.5625 0.052604 0.082407 
1 0.86875 0.758796 0.032292 0.041667 
1 0.082031 0.77963 0.050521 0.059259 
1 0.040365 0.82963 0.035937 0.061111 
1 0.082031 0.846296 0.035937 0.055556 
1 0.135417 0.965741 0.023958 0.046296 
1 0.365365 0.699537 0.036979 0.060185 
1 0.25599 0.931019 0.026562 0.062037 
1 0.795312 0.960185 0.026042 0.022222 
1 0.307812 0.929167 0.027083 0.04537 
1 0.904427 0.27037 0.051562 0.1 
1 0.342187 0.878241 0.034375 0.041667 
1 0.508073 0.74213 0.038021 0.065741 
1 0.566927 0.722685 0.034896 0.063889 
1 0.670573 0.843056 0.034896 0.043519 
1 0.757552 0.835185 0.032813 0.05 
1 0.742188 0.870833 0.030208 0.05463 
1 0.78099 0.932407 0.025521 0.025926 
1 0.770573 0.966204 0.026562 0.047222 
