1 0.118304 0.276786 0.040179 0.053571 
1 0.897321 0.296875 0.0625 0.013393 
1 0.258929 0.415179 0.035714 0.044643 
1 0.196429 0.441964 0.035714 0.044643 
1 0.729911 0.404018 0.03125 0.022321 
1 0.361607 0.526786 0.017857 0.026786 
1 0.526786 0.602679 0.035714 0.035714 
1 0.801339 0.430804 0.049107 0.040179 
1 0.694196 0.470982 0.022321 0.022321 
1 0.381696 0.553571 0.03125 0.035714 
1 0.638393 0.408482 0.035714 0.03125 
1 0.625 0.4375 0.044643 0.026786 
1 0.667411 0.495536 0.03125 0.017857 
1 0.665179 0.444196 0.035714 0.022321 
1 0.482143 0.544643 0.035714 0.017857 
