1 0.654687 0.776852 0.071875 0.064815 
1 0.947917 0.213426 0.063542 0.097222 
1 0.715625 0.037963 0.047917 0.075926 
1 0.913281 0.411574 0.050521 0.063889 
1 0.705729 0.291204 0.0375 0.058333 
1 0.597917 0.418056 0.022917 0.050926 
1 0.619531 0.348611 0.046354 0.036111 
1 0.491667 0.347685 0.048958 0.063889 
1 0.586458 0.155556 0.036458 0.096296 
1 0.585417 0.091667 0.03125 0.051852 
1 0.298698 0.39213 0.027604 0.021296 
1 0.109115 0.27963 0.041146 0.061111 
1 0.825 0.437963 0.041667 0.024074 
1 0.825781 0.352778 0.017188 0.012963 
1 0.451042 0.701852 0.045833 0.035185 
1 0.429948 0.740278 0.045312 0.080556 
1 0.567969 0.688426 0.046354 0.036111 
1 0.789062 0.74537 0.092708 0.07037 
1 0.281771 0.8875 0.036458 0.049074 
1 0.236719 0.923611 0.055729 0.069444 
1 0.673958 0.779167 0.023958 0.058333 
1 0.888281 0.251852 0.046354 0.022222 
