1 0.53125 0.551389 0.010417 0.015741 
1 0.171354 0.55 0.048958 0.081481 
1 0.100781 0.404167 0.054688 0.025 
1 0.057813 0.213426 0.079167 0.052778 
1 0.252344 0.244444 0.057813 0.074074 
1 0.358594 0.30463 0.059896 0.046296 
1 0.325781 0.353704 0.038021 0.025926 
1 0.58776 0.060185 0.045312 0.061111 
1 0.782552 0.037037 0.048438 0.037037 
1 0.648438 0.221759 0.044792 0.041667 
1 0.850521 0.421296 0.039583 0.02037 
1 0.647396 0.408796 0.040625 0.073148 
1 0.526042 0.515278 0.06875 0.030556 
1 0.381771 0.567593 0.048958 0.033333 
1 0.392448 0.660185 0.041146 0.083333 
1 0.241146 0.776852 0.044792 0.024074 
1 0.246354 0.800926 0.039583 0.016667 
1 0.367448 0.846296 0.026562 0.05 
1 0.596354 0.721296 0.065625 0.046296 
1 0.621615 0.743519 0.008854 0.011111 
1 0.511198 0.612963 0.082812 0.068519 
1 0.9625 0.773148 0.054167 0.038889 
1 0.50599 0.835185 0.115104 0.087037 
1 0.591406 0.953704 0.035937 0.040741 
1 0.953906 0.962963 0.021354 0.02037 
