1 0.634896 0.180556 0.032292 0.033333 
1 0.873177 0.288426 0.043229 0.063889 
1 0.551823 0.247685 0.053646 0.023148 
1 0.705729 0.562037 0.051042 0.031481 
1 0.589063 0.571296 0.064583 0.035185 
1 0.302083 0.421759 0.038542 0.034259 
1 0.2375 0.367593 0.04375 0.114815 
1 0.208333 0.354167 0.017708 0.010185 
1 0.090365 0.192593 0.066146 0.044444 
1 0.078385 0.112963 0.050521 0.088889 
1 0.109635 0.421759 0.013021 0.013889 
1 0.053906 0.626389 0.011979 0.013889 
1 0.098958 0.641667 0.042708 0.027778 
1 0.195312 0.581019 0.020833 0.013889 
1 0.219531 0.659722 0.033854 0.025 
1 0.428125 0.687037 0.053125 0.035185 
1 0.661458 0.649074 0.010417 0.007407 
1 0.716927 0.7125 0.010937 0.013889 
1 0.677344 0.747685 0.035937 0.015741 
1 0.605729 0.762037 0.051042 0.033333 
1 0.630208 0.806481 0.067708 0.064815 
1 0.46901 0.872222 0.045312 0.048148 
1 0.335938 0.865278 0.028125 0.034259 
1 0.547396 0.96713 0.06875 0.062037 
1 0.694531 0.135185 0.082812 0.064815 
