1 0.445573 0.17963 0.028646 0.055556 
1 0.713021 0.123148 0.03125 0.048148 
1 0.807813 0.193519 0.065625 0.038889 
1 0.283333 0.256481 0.036458 0.027778 
1 0.201302 0.566667 0.021354 0.02963 
1 0.20625 0.097685 0.048958 0.030556 
1 0.244271 0.041667 0.069792 0.075926 
1 0.398438 0.628241 0.0375 0.058333 
1 0.660156 0.427315 0.040104 0.030556 
1 0.797656 0.475926 0.065104 0.038889 
1 0.95026 0.375926 0.038021 0.037037 
1 0.849479 0.560185 0.015625 0.024074 
1 0.978646 0.624537 0.038542 0.030556 
1 0.938281 0.789352 0.028646 0.017593 
1 0.676562 0.641204 0.041667 0.047222 
1 0.289583 0.904167 0.009375 0.015741 
1 0.41224 0.743981 0.009896 0.023148 
1 0.607031 0.713426 0.035937 0.023148 
1 0.648177 0.67963 0.043229 0.024074 
1 0.668229 0.726389 0.010417 0.006481 
