1 0.832292 0.316667 0.046875 0.038889 
1 0.878125 0.160648 0.03125 0.073148 
1 0.701042 0.17037 0.053125 0.031481 
1 0.427083 0.2 0.029167 0.040741 
1 0.10026 0.373611 0.059896 0.058333 
1 0.097656 0.581944 0.063021 0.149074 
1 0.147656 0.834722 0.044271 0.100926 
1 0.822656 0.369444 0.025521 0.05 
1 0.85026 0.408333 0.051562 0.02963 
1 0.683333 0.351389 0.015625 0.012037 
1 0.68724 0.375463 0.031771 0.039815 
1 0.954427 0.623148 0.045312 0.061111 
1 0.888281 0.618056 0.023438 0.047222 
1 0.719531 0.77963 0.090104 0.094444 
1 0.621615 0.754167 0.020313 0.041667 
1 0.558333 0.540278 0.057292 0.050926 
