1 0.147917 0.264815 0.05 0.057407 
1 0.366406 0.417593 0.027604 0.033333 
1 0.329167 0.339352 0.046875 0.025 
1 0.614323 0.361574 0.048438 0.080556 
1 0.659115 0.274074 0.040104 0.061111 
1 0.75625 0.353704 0.026042 0.040741 
1 0.789062 0.546296 0.054167 0.075926 
1 0.683073 0.606019 0.029687 0.058333 
1 0.629427 0.624074 0.028646 0.042593 
1 0.365104 0.568519 0.036458 0.062963 
1 0.114323 0.737963 0.028646 0.053704 
1 0.050781 0.496759 0.097396 0.050926 
1 0.631771 0.130093 0.046875 0.05463 
1 0.803646 0.107407 0.038542 0.064815 
1 0.747917 0.160648 0.040625 0.060185 
2 0.11224 0.331481 0.220312 0.524074 
2 0.17526 0.739815 0.292187 0.274074 
2 0.392969 0.403704 0.330729 0.42037 
2 0.42526 0.730093 0.207813 0.236111 
2 0.665885 0.703241 0.249479 0.308333 
2 0.885677 0.755093 0.177604 0.171296 
2 0.859115 0.319444 0.270313 0.548148 
1 0.611979 0.490741 0.034375 0.038889 
