1 0.149479 0.459259 0.013542 0.012963 
1 0.771094 0.135648 0.083854 0.063889 
1 0.741927 0.177778 0.035937 0.068519 
1 0.895312 0.116667 0.058333 0.033333 
1 0.94974 0.111574 0.039062 0.019444 
1 0.959115 0.152315 0.044271 0.121296 
1 0.908594 0.272222 0.017188 0.046296 
1 0.967187 0.374537 0.065625 0.056481 
1 0.716667 0.307407 0.033333 0.057407 
1 0.651302 0.32037 0.011979 0.012963 
1 0.217969 0.441667 0.114062 0.083333 
1 0.161979 0.54213 0.032292 0.021296 
1 0.782552 0.929167 0.041146 0.012037 
1 0.751042 0.905556 0.053125 0.040741 
1 0.75 0.715741 0.084375 0.075926 
1 0.760938 0.375 0.033333 0.014815 
1 0.891406 0.537037 0.067187 0.053704 
1 0.677344 0.574074 0.017188 0.025926 
1 0.597135 0.53287 0.006771 0.017593 
1 0.560156 0.549074 0.021354 0.02963 
1 0.464583 0.597222 0.011458 0.014815 
1 0.522917 0.546759 0.025 0.049074 
1 0.502604 0.484722 0.016667 0.019444 
1 0.444271 0.540741 0.008333 0.022222 
1 0.26849 0.661111 0.024479 0.025926 
1 0.138802 0.35463 0.046354 0.024074 
1 0.34375 0.33287 0.054167 0.015741 
1 0.371875 0.206944 0.1 0.132407 
1 0.397396 0.244444 0.051042 0.114815 
1 0.544531 0.188426 0.057813 0.043519 
1 0.66224 0.083333 0.035937 0.062963 
1 0.719531 0.108333 0.008854 0.009259 
