1 0.298182 0.704918 0.029091 0.054645 
1 0.496364 0.754098 0.032727 0.076503 
1 0.432727 0.019126 0.029091 0.027322 
1 0.574545 0.021858 0.029091 0.043716 
1 0.714545 0.07377 0.032727 0.038251 
1 0.747273 0.092896 0.032727 0.032787 
1 0.78 0.095628 0.032727 0.027322 
1 0.334545 0.117486 0.036364 0.060109 
1 0.374545 0.125683 0.036364 0.032787 
1 0.118182 0.204918 0.04 0.038251 
1 0.210909 0.180328 0.036364 0.032787 
1 0.24 0.163934 0.036364 0.065574 
1 0.267273 0.240437 0.032727 0.065574 
1 0.347273 0.240437 0.04 0.032787 
1 0.492727 0.180328 0.032727 0.043716 
1 0.558182 0.20765 0.032727 0.043716 
1 0.661818 0.210383 0.043636 0.04918 
1 0.810909 0.191257 0.036364 0.032787 
1 0.029091 0.437158 0.036364 0.076503 
1 0.110909 0.398907 0.032727 0.032787 
1 0.105455 0.303279 0.029091 0.04918 
1 0.134545 0.275956 0.036364 0.027322 
1 0.318182 0.303279 0.032727 0.038251 
1 0.432727 0.297814 0.036364 0.038251 
1 0.465455 0.270492 0.029091 0.060109 
1 0.556364 0.377049 0.036364 0.021858 
1 0.667273 0.357923 0.032727 0.04918 
1 0.701818 0.385246 0.036364 0.038251 
1 0.76 0.431694 0.036364 0.054645 
1 0.721818 0.467213 0.04 0.027322 
1 0.630909 0.489071 0.04 0.027322 
1 0.52 0.483607 0.036364 0.027322 
1 0.570909 0.431694 0.036364 0.065574 
1 0.425455 0.404372 0.036364 0.043716 
1 0.414545 0.505464 0.029091 0.027322 
1 0.345455 0.456284 0.036364 0.027322 
1 0.307273 0.448087 0.032727 0.043716 
1 0.216364 0.404372 0.032727 0.043716 
1 0.152727 0.418033 0.029091 0.038251 
1 0.032727 0.650273 0.036364 0.054645 
1 0.025455 0.806011 0.029091 0.060109 
1 0.101818 0.786885 0.029091 0.076503 
1 0.087273 0.877049 0.029091 0.04918 
1 0.036364 0.576503 0.036364 0.027322 
1 0.114545 0.60929 0.032727 0.027322 
1 0.189091 0.60929 0.036364 0.038251 
1 0.225455 0.595628 0.021818 0.021858 
1 0.170909 0.715847 0.029091 0.032787 
1 0.218182 0.70765 0.036364 0.04918 
1 0.321818 0.748634 0.032727 0.021858 
1 0.192727 0.775956 0.029091 0.021858 
1 0.225455 0.857923 0.036364 0.043716 
1 0.201818 0.942623 0.032727 0.027322 
1 0.183636 0.439891 0.04 0.060109 
1 0.22 0.453552 0.032727 0.021858 
1 0.250909 0.603825 0.029091 0.027322 
1 0.350909 0.590164 0.032727 0.032787 
1 0.396364 0.571038 0.036364 0.060109 
1 0.32 0.546448 0.029091 0.032787 
1 0.343636 0.540984 0.025455 0.054645 
1 0.374545 0.773224 0.036364 0.060109 
1 0.309091 0.806011 0.021818 0.027322 
1 0.314545 0.863388 0.032727 0.043716 
1 0.303636 0.959016 0.025455 0.027322 
1 0.44 0.863388 0.036364 0.054645 
1 0.490909 0.931694 0.036364 0.04918 
1 0.645455 0.655738 0.025455 0.021858 
1 0.669091 0.685792 0.029091 0.038251 
1 0.770909 0.680328 0.029091 0.04918 
1 0.916364 0.519126 0.036364 0.032787 
1 0.943636 0.221311 0.04 0.027322 
1 0.683636 0.789617 0.029091 0.038251 
1 0.645455 0.879781 0.04 0.032787 
1 0.669091 0.937158 0.029091 0.027322 
1 0.6 0.945355 0.029091 0.032787 
1 0.809091 0.939891 0.025455 0.043716 
1 0.94 0.737705 0.032727 0.043716 
1 0.927273 0.672131 0.029091 0.032787 
1 0.963636 0.819672 0.029091 0.043716 
1 0.741818 0.590164 0.036364 0.065574 
1 0.690909 0.551913 0.029091 0.054645 
2 0.149091 0.300546 0.269091 0.338798 
2 0.172727 0.76776 0.330909 0.409836 
2 0.361818 0.516393 0.141818 0.180328 
2 0.641818 0.519126 0.287273 0.371585 
