1 0.433824 0.432432 0.139706 0.054054 
1 0.395221 0.059459 0.033088 0.021622 
1 0.645221 0.072973 0.055147 0.027027 
1 0.889706 0.375676 0.110294 0.081081 
1 0.621324 0.348649 0.080882 0.059459 
1 0.685662 0.294595 0.121324 0.059459 
1 0.466912 0.248649 0.147059 0.140541 
1 0.330882 0.905405 0.102941 0.037838 
1 0.602941 0.943243 0.080882 0.07027 
1 0.549632 0.772973 0.099265 0.054054 
1 0.818015 0.689189 0.084559 0.048649 
1 0.119485 0.516216 0.113971 0.048649 
1 0.292279 0.551351 0.113971 0.043243 
