1 0.011979 0.334259 0.023958 0.016667 
1 0.225781 0.615741 0.026562 0.055556 
1 0.284375 0.341667 0.030208 0.031481 
1 0.48724 0.326389 0.065104 0.052778 
1 0.417969 0.368519 0.031771 0.025926 
1 0.405208 0.38287 0.034375 0.030556 
1 0.381771 0.606019 0.013542 0.015741 
1 0.636719 0.643981 0.013021 0.008333 
1 0.625 0.386111 0.041667 0.031481 
1 0.809115 0.39213 0.050521 0.023148 
1 0.551823 0.736111 0.008854 0.018519 
1 0.921354 0.621296 0.057292 0.037037 
1 0.905469 0.6875 0.045312 0.026852 
1 0.991146 0.938426 0.017708 0.056481 
1 0.583333 0.883796 0.026042 0.019444 
1 0.211979 0.909722 0.009375 0.012037 
1 0.145833 0.97037 0.009375 0.012963 
