1 0.535156 0.527315 0.068229 0.028704 
1 0.735417 0.252315 0.058333 0.037963 
1 0.695573 0.300926 0.006771 0.007407 
1 0.600781 0.38287 0.040104 0.093519 
1 0.59349 0.027778 0.034896 0.053704 
1 0.876823 0.087963 0.042188 0.05 
1 0.97474 0.429167 0.040104 0.015741 
1 0.838802 0.85 0.045312 0.137037 
1 0.964063 0.95787 0.01875 0.013889 
1 0.65 0.918519 0.078125 0.124074 
1 0.627604 0.730556 0.0125 0.007407 
1 0.601042 0.6625 0.052083 0.056481 
1 0.454688 0.716667 0.115625 0.098148 
1 0.09375 0.194444 0.078125 0.055556 
1 0.030208 0.298611 0.045833 0.041667 
1 0.08099 0.382407 0.060937 0.035185 
1 0.200781 0.235648 0.045312 0.087963 
1 0.388021 0.269907 0.0625 0.073148 
1 0.446094 0.461111 0.041146 0.031481 
1 0.459896 0.535648 0.082292 0.084259 
1 0.465625 0.5125 0.0125 0.013889 
1 0.432812 0.534722 0.052083 0.021296 
1 0.354427 0.552315 0.022396 0.012037 
1 0.325 0.687963 0.041667 0.07963 
1 0.241406 0.758333 0.045312 0.025926 
1 0.313802 0.809259 0.043229 0.016667 
1 0.291146 0.853704 0.040625 0.038889 
1 0.06276 0.878704 0.031771 0.022222 
1 0.088542 0.568519 0.05 0.081481 
