1 0.297917 0.70787 0.165625 0.084259 
1 0.39401 0.86713 0.077604 0.084259 
1 0.438542 0.630093 0.066667 0.128704 
1 0.488542 0.440741 0.048958 0.038889 
1 0.568229 0.875926 0.125 0.107407 
1 0.791667 0.805093 0.00625 0.013889 
1 0.911979 0.829167 0.008333 0.010185 
1 0.834896 0.683796 0.071875 0.136111 
1 0.991406 0.538426 0.008854 0.008333 
1 0.546615 0.272685 0.125521 0.086111 
1 0.758073 0.384722 0.008854 0.013889 
1 0.648438 0.31713 0.0125 0.010185 
1 0.926823 0.148148 0.089063 0.090741 
1 0.781771 0.235648 0.08125 0.049074 
1 0.231771 0.590278 0.126042 0.058333 
1 0.183594 0.943981 0.084896 0.112037 
1 0.321354 0.575463 0.109375 0.10463 
1 0.239583 0.775 0.070833 0.083333 
1 0.216927 0.715278 0.063021 0.039815 
