1 0.658333 0.869048 0.036667 0.059524 
1 0.855 0.892857 0.043333 0.083333 
1 0.751667 0.764881 0.023333 0.029762 
1 0.075 0.702381 0.05 0.047619 
1 0.235 0.517857 0.043333 0.071429 
1 0.263333 0.479167 0.06 0.041667 
1 0.113333 0.044643 0.053333 0.089286 
1 0.705 0.568452 0.05 0.089286 
1 0.135 0.639881 0.07 0.136905 
1 0.043333 0.589286 0.066667 0.166667 
1 0.485 0.529762 0.083333 0.107143 
1 0.928333 0.279762 0.096667 0.071429 
1 0.736667 0.354167 0.066667 0.125 
1 0.671667 0.282738 0.063333 0.160714 
1 0.503333 0.151786 0.066667 0.113095 
1 0.253333 0.360119 0.046667 0.160714 
1 0.9 0.803571 0.066667 0.059524 
1 0.708333 0.940476 0.03 0.047619 
1 0.706667 0.630952 0.073333 0.047619 
1 0.41 0.806548 0.053333 0.077381 
