1 0.851823 0.394444 0.010937 0.011111 
1 0.871094 0.363889 0.021354 0.014815 
1 0.841146 0.367593 0.014583 0.011111 
1 0.820052 0.363426 0.018229 0.017593 
1 0.859375 0.349074 0.0125 0.011111 
2 0.261458 0.362037 0.198958 0.307407 
2 0.463021 0.364815 0.198958 0.307407 
2 0.859896 0.362037 0.198958 0.307407 
2 0.660677 0.360648 0.199479 0.308333 
2 0.660677 0.671296 0.199479 0.307407 
2 0.46224 0.669444 0.199479 0.307407 
2 0.26276 0.665741 0.199479 0.307407 
2 0.08151 0.662963 0.157812 0.305556 
1 0.639844 0.053241 0.015104 0.025 
1 0.578385 0.028241 0.014063 0.026852 
1 0.54349 0.125463 0.013021 0.025 
1 0.449479 0.152315 0.013542 0.028704 
1 0.702865 0.291204 0.021354 0.036111 
1 0.739583 0.327315 0.019792 0.012037 
1 0.839844 0.456481 0.019271 0.009259 
1 0.716146 0.32963 0.020833 0.012963 
1 0.740104 0.35787 0.0125 0.008333 
1 0.757552 0.372685 0.016146 0.010185 
1 0.786458 0.381481 0.014583 0.011111 
1 0.786458 0.420833 0.017708 0.008333 
1 0.970833 0.081944 0.034375 0.039815 
1 0.940885 0.092593 0.018229 0.012963 
1 0.883594 0.110185 0.018229 0.012963 
1 0.789583 0.110185 0.023958 0.035185 
1 0.815104 0.150463 0.013542 0.025 
1 0.827604 0.078704 0.020833 0.022222 
1 0.851562 0.060185 0.028125 0.031481 
1 0.849219 0.199074 0.016146 0.012963 
1 0.935677 0.202778 0.031771 0.037037 
1 0.973437 0.201852 0.027083 0.016667 
1 0.969271 0.124074 0.014583 0.02037 
1 0.991146 0.112963 0.017708 0.031481 
1 0.915365 0.221759 0.009896 0.008333 
1 0.913281 0.293981 0.008854 0.006481 
1 0.82474 0.298148 0.018229 0.02037 
1 0.80625 0.299074 0.00625 0.007407 
1 0.798438 0.325463 0.0125 0.019444 
1 0.858333 0.331481 0.016667 0.011111 
1 0.880729 0.330556 0.0125 0.009259 
1 0.910677 0.339352 0.021354 0.017593 
1 0.986719 0.338426 0.018229 0.012037 
1 0.699479 0.186111 0.017708 0.011111 
1 0.698438 0.200463 0.019792 0.012037 
1 0.743229 0.244907 0.026042 0.021296 
1 0.757812 0.268519 0.01875 0.02037 
1 0.689323 0.118056 0.014063 0.023148 
1 0.555208 0.15787 0.01875 0.021296 
1 0.963802 0.391204 0.010937 0.015741 
1 0.72526 0.174074 0.018229 0.014815 
1 0.901823 0.406944 0.017188 0.013889 
1 0.93125 0.397222 0.03125 0.018519 
1 0.892448 0.377315 0.014063 0.010185 
