1 0.058036 0.381696 0.071429 0.049107 
1 0.087054 0.466518 0.066964 0.040179 
1 0.21875 0.435268 0.053571 0.040179 
1 0.3125 0.477679 0.053571 0.053571 
1 0.330357 0.435268 0.071429 0.049107 
1 0.383929 0.486607 0.053571 0.026786 
1 0.475446 0.495536 0.066964 0.035714 
1 0.459821 0.529018 0.071429 0.022321 
1 0.408482 0.546875 0.058036 0.049107 
1 0.638393 0.551339 0.0625 0.022321 
1 0.575893 0.578125 0.053571 0.03125 
1 0.522321 0.678571 0.044643 0.026786 
1 0.743304 0.611607 0.058036 0.026786 
1 0.821429 0.65625 0.0625 0.026786 
1 0.948661 0.649554 0.049107 0.03125 
1 0.953125 0.747768 0.049107 0.013393 
2 0.497768 0.564732 0.950893 0.415179 
