1 0.070312 0.606944 0.023958 0.013889 
1 0.199479 0.366204 0.030208 0.030556 
1 0.298177 0.368981 0.028646 0.026852 
1 0.140885 0.638426 0.024479 0.050926 
1 0.292448 0.622222 0.014063 0.02037 
1 0.396615 0.302778 0.058854 0.053704 
1 0.365365 0.356019 0.036979 0.032407 
1 0.547135 0.323611 0.042188 0.028704 
1 0.908333 0.40787 0.054167 0.019444 
1 0.633854 0.629167 0.011458 0.010185 
1 0.203646 0.909722 0.011458 0.012037 
1 0.183073 0.985185 0.008854 0.012963 
1 0.576042 0.738426 0.009375 0.019444 
1 0.5125 0.902315 0.028125 0.017593 
1 0.915365 0.965278 0.018229 0.05463 
1 0.936979 0.600926 0.059375 0.033333 
1 0.967187 0.671296 0.044792 0.025926 
1 0.984115 0.554167 0.031771 0.034259 
