1 0.591146 0.266204 0.084375 0.160185 
1 0.118229 0.971759 0.045833 0.049074 
1 0.171875 0.965741 0.034375 0.068519 
1 0.031771 0.938426 0.0375 0.063889 
1 0.154948 0.881481 0.038021 0.059259 
1 0.213802 0.821759 0.035937 0.060185 
1 0.176042 0.711111 0.042708 0.085185 
1 0.297917 0.642593 0.045833 0.075926 
1 0.325521 0.602315 0.052083 0.082407 
1 0.322135 0.411574 0.083854 0.119444 
1 0.194271 0.115741 0.084375 0.17037 
1 0.257292 0.231944 0.073958 0.121296 
1 0.370052 0.322222 0.060937 0.12037 
1 0.778646 0.740278 0.05625 0.067593 
1 0.801042 0.925 0.04375 0.092593 
1 0.95 0.866204 0.038542 0.056481 
1 0.948698 0.362963 0.052604 0.124074 
1 0.676042 0.733796 0.052083 0.106481 
1 0.554167 0.693981 0.042708 0.110185 
