1 0.052604 0.243981 0.05625 0.037963 
1 0.777604 0.050463 0.026042 0.056481 
1 0.965365 0.206944 0.047396 0.075 
1 0.9125 0.5125 0.048958 0.050926 
1 0.575521 0.17037 0.060417 0.022222 
1 0.627344 0.4 0.084896 0.055556 
1 0.656771 0.521296 0.047917 0.027778 
1 0.652083 0.680093 0.0125 0.010185 
1 0.736198 0.73287 0.013021 0.010185 
1 0.777344 0.925926 0.059896 0.042593 
1 0.565104 0.550463 0.063542 0.037963 
1 0.433333 0.560185 0.057292 0.07963 
1 0.434115 0.685648 0.055729 0.037963 
1 0.344531 0.538889 0.031771 0.033333 
1 0.263802 0.539815 0.014063 0.014815 
1 0.225781 0.427778 0.011979 0.014815 
1 0.133073 0.199074 0.021354 0.011111 
1 0.194271 0.147222 0.052083 0.105556 
1 0.05651 0.171296 0.113021 0.101852 
1 0.350521 0.980093 0.020833 0.032407 
1 0.128385 0.275926 0.048438 0.035185 
1 0.172135 0.680093 0.038021 0.032407 
1 0.18776 0.69213 0.043229 0.086111 
1 0.132552 0.82037 0.007812 0.007407 
