1 0.285714 0.78125 0.035714 0.026786 
1 0.220982 0.754464 0.022321 0.026786 
1 0.15625 0.714286 0.044643 0.044643 
1 0.241071 0.669643 0.035714 0.035714 
1 0.662946 0.633929 0.040179 0.044643 
1 0.595982 0.691964 0.040179 0.035714 
1 0.401786 0.591518 0.044643 0.03125 
1 0.482143 0.633929 0.044643 0.053571 
1 0.560268 0.584821 0.049107 0.026786 
1 0.482143 0.482143 0.035714 0.035714 
1 0.477679 0.430804 0.044643 0.040179 
1 0.477679 0.366071 0.044643 0.035714 
1 0.540179 0.227679 0.053571 0.035714 
1 0.439732 0.247768 0.040179 0.058036 
1 0.370536 0.225446 0.035714 0.03125 
1 0.377232 0.303571 0.049107 0.026786 
2 0.446429 0.669643 0.482143 0.258929 
1 0.339286 0.600446 0.035714 0.040179 
1 0.316964 0.727679 0.044643 0.044643 
1 0.25 0.645089 0.044643 0.049107 
1 0.245536 0.564732 0.035714 0.049107 
1 0.305804 0.504464 0.040179 0.044643 
1 0.314732 0.435268 0.049107 0.058036 
1 0.40625 0.196429 0.026786 0.026786 
1 0.506696 0.720982 0.040179 0.03125 
1 0.649554 0.727679 0.040179 0.035714 
1 0.551339 0.707589 0.040179 0.040179 
1 0.397321 0.6875 0.035714 0.026786 
1 0.428571 0.698661 0.044643 0.03125 
