2 0.930502 0.458763 0.138996 0.185567 
1 0.957529 0.42268 0.046332 0.113402 
1 0.714286 0.438144 0.100386 0.072165 
1 0.727799 0.399485 0.065637 0.108247 
1 0.571429 0.43299 0.03861 0.092784 
1 0.69305 0.543814 0.057915 0.056701 
1 0.428571 0.533505 0.054054 0.06701 
1 0.034749 0.53866 0.054054 0.06701 
1 0.409266 0.345361 0.07722 0.103093 
1 0.187259 0.448454 0.057915 0.103093 
1 0.459459 0.476804 0.054054 0.06701 
1 0.291506 0.494845 0.042471 0.082474 
1 0.023166 0.373711 0.046332 0.07732 
1 0.125483 0.569588 0.027027 0.056701 
2 0.656371 0.43299 0.216216 0.28866 
