1 0.667411 0.504464 0.013393 0.035714 
1 0.678571 0.4375 0.017857 0.017857 
1 0.700893 0.415179 0.017857 0.044643 
2 0.631696 0.457589 0.165179 0.129464 
1 0.560268 0.441964 0.013393 0.026786 
1 0.564732 0.484375 0.013393 0.03125 
1 0.578125 0.477679 0.013393 0.017857 
1 0.591518 0.486607 0.013393 0.017857 
1 0.694196 0.491071 0.013393 0.017857 
1 0.609375 0.470982 0.013393 0.022321 
1 0.640625 0.473214 0.013393 0.017857 
1 0.651786 0.479911 0.008929 0.022321 
1 0.680804 0.464286 0.013393 0.026786 
1 0.555804 0.419643 0.013393 0.017857 
