1 0.419792 0.309259 0.035417 0.061111 
1 0.407552 0.827778 0.053646 0.02963 
1 0.527604 0.7 0.0375 0.046296 
1 0.63776 0.623148 0.024479 0.02963 
1 0.655208 0.597222 0.038542 0.027778 
1 0.965365 0.577778 0.057813 0.033333 
1 0.428646 0.530556 0.033333 0.035185 
1 0.063802 0.625 0.039062 0.040741 
1 0.624219 0.463426 0.049479 0.036111 
1 0.589844 0.406944 0.110937 0.100926 
1 0.818229 0.291204 0.015625 0.026852 
1 0.722656 0.255556 0.059896 0.066667 
1 0.679948 0.219444 0.058854 0.048148 
1 0.503125 0.259722 0.0375 0.05463 
1 0.366927 0.274074 0.043229 0.05 
1 0.35 0.421296 0.027083 0.02963 
1 0.235156 0.39537 0.034896 0.042593 
1 0.1125 0.4625 0.036458 0.043519 
1 0.72474 0.111574 0.048438 0.043519 
1 0.355729 0.220833 0.007292 0.008333 
1 0.297917 0.269907 0.051042 0.037963 
1 0.122135 0.204167 0.016146 0.013889 
1 0.070573 0.099537 0.028646 0.034259 
1 0.407292 0.360185 0.052083 0.066667 
