1 0.780729 0.409722 0.019792 0.017593 
1 0.503385 0.128704 0.027604 0.033333 
1 0.535937 0.150463 0.033333 0.017593 
1 0.63776 0.038889 0.023438 0.014815 
1 0.384115 0.150926 0.005729 0.012963 
1 0.486458 0.196759 0.010417 0.010185 
1 0.148177 0.079167 0.038021 0.023148 
1 0.224219 0.041204 0.008854 0.019444 
1 0.265885 0.296759 0.033854 0.032407 
1 0.301302 0.373611 0.014063 0.017593 
1 0.144792 0.477778 0.00625 0.018519 
1 0.168229 0.523611 0.033333 0.010185 
1 0.161979 0.603704 0.020833 0.02037 
1 0.009115 0.281944 0.018229 0.023148 
1 0.084635 0.4375 0.004687 0.013889 
1 0.023698 0.688889 0.008854 0.012963 
1 0.242188 0.489815 0.011458 0.02037 
1 0.288281 0.580556 0.035937 0.048148 
1 0.307031 0.568981 0.014063 0.025 
1 0.304688 0.539815 0.015625 0.02037 
1 0.383854 0.456944 0.008333 0.015741 
1 0.397656 0.615278 0.019271 0.026852 
1 0.400781 0.554167 0.020313 0.056481 
1 0.378906 0.556944 0.024479 0.015741 
1 0.475521 0.511574 0.020833 0.008333 
1 0.554427 0.418981 0.028646 0.010185 
1 0.540885 0.427778 0.021354 0.018519 
1 0.416667 0.428704 0.015625 0.025926 
1 0.496094 0.384259 0.021354 0.014815 
1 0.676562 0.372685 0.025 0.013889 
1 0.638281 0.444907 0.028646 0.017593 
1 0.529948 0.57963 0.023438 0.016667 
1 0.531771 0.632407 0.025 0.02037 
1 0.505469 0.682407 0.010937 0.005556 
1 0.603385 0.562963 0.018229 0.016667 
1 0.789062 0.253704 0.021875 0.014815 
1 0.835677 0.321759 0.023438 0.019444 
1 0.82526 0.385185 0.022396 0.027778 
1 0.980208 0.36713 0.013542 0.021296 
1 0.816667 0.50463 0.0375 0.018519 
1 0.957552 0.56713 0.026562 0.012037 
1 0.658854 0.646296 0.030208 0.012963 
1 0.722917 0.634722 0.022917 0.015741 
1 0.771094 0.650463 0.024479 0.025 
1 0.665625 0.662963 0.023958 0.022222 
1 0.095312 0.922222 0.011458 0.011111 
1 0.566667 0.898148 0.029167 0.053704 
1 0.744792 0.841204 0.030208 0.032407 
