1 0.419792 0.253241 0.040625 0.078704 
1 0.55651 0.268056 0.009896 0.021296 
1 0.609896 0.409259 0.038542 0.127778 
1 0.796094 0.337963 0.057813 0.027778 
1 0.869792 0.352778 0.03125 0.016667 
1 0.129167 0.369444 0.075 0.081481 
1 0.161979 0.158333 0.044792 0.062963 
1 0.25599 0.080093 0.030729 0.023148 
1 0.499479 0.053241 0.030208 0.012037 
1 0.765625 0.083796 0.034375 0.015741 
1 0.755208 0.163889 0.008333 0.011111 
1 0.936979 0.231481 0.071875 0.037037 
1 0.76224 0.397222 0.019271 0.024074 
1 0.768229 0.428241 0.008333 0.028704 
1 0.414062 0.590741 0.008333 0.044444 
1 0.361979 0.531944 0.064583 0.10463 
1 0.359896 0.458333 0.0125 0.014815 
1 0.472656 0.515741 0.054688 0.077778 
1 0.60599 0.553704 0.103646 0.146296 
1 0.722656 0.5125 0.010937 0.021296 
1 0.815365 0.471296 0.043229 0.07963 
1 0.764844 0.724074 0.071354 0.05 
1 0.239844 0.618981 0.136979 0.132407 
1 0.360677 0.667593 0.014063 0.042593 
1 0.955469 0.8 0.072396 0.014815 
