1 0.257292 0.456019 0.0125 0.010185 
1 0.286979 0.289815 0.145833 0.142593 
1 0.25026 0.148611 0.047396 0.067593 
1 0.042708 0.10787 0.057292 0.065741 
1 0.223698 0.071296 0.061979 0.124074 
1 0.973698 0.260648 0.048438 0.05463 
1 0.613281 0.058333 0.058854 0.040741 
1 0.469792 0.234722 0.042708 0.028704 
1 0.472656 0.37963 0.093229 0.111111 
1 0.717708 0.849537 0.061458 0.10463 
1 0.757812 0.828241 0.054167 0.043519 
1 0.858594 0.738426 0.083854 0.065741 
1 0.74349 0.960185 0.061979 0.07037 
1 0.402865 0.708333 0.009896 0.02963 
1 0.92474 0.241667 0.033854 0.014815 
1 0.854427 0.189352 0.080729 0.028704 
1 0.63776 0.266667 0.008854 0.02037 
1 0.627083 0.413426 0.061458 0.047222 
1 0.523958 0.477778 0.009375 0.038889 
1 0.205469 0.452778 0.081771 0.096296 
1 0.933854 0.390741 0.0875 0.05 
1 0.721875 0.524074 0.009375 0.012963 
1 0.601562 0.526852 0.013542 0.012963 
1 0.334115 0.635185 0.024479 0.035185 
1 0.28125 0.683796 0.025 0.032407 
1 0.1 0.555093 0.01875 0.032407 
1 0.089323 0.726389 0.069271 0.099074 
1 0.459635 0.663889 0.014063 0.02037 
