1 0.152344 0.414815 0.052604 0.037037 
1 0.289844 0.212037 0.035937 0.090741 
1 0.336719 0.248148 0.006771 0.009259 
1 0.328646 0.1 0.059375 0.061111 
1 0.195573 0.058333 0.052604 0.07963 
1 0.104167 0.134722 0.010417 0.017593 
1 0.935417 0.514352 0.059375 0.041667 
1 0.85651 0.030556 0.036979 0.059259 
1 0.884635 0.083796 0.051562 0.069444 
1 0.683594 0.313426 0.013021 0.023148 
1 0.651042 0.364352 0.008333 0.015741 
1 0.594531 0.287037 0.053646 0.061111 
1 0.570052 0.362963 0.028646 0.037037 
1 0.510677 0.330556 0.048438 0.033333 
1 0.480208 0.393519 0.026042 0.035185 
1 0.559375 0.4875 0.041667 0.017593 
1 0.534635 0.593981 0.029687 0.019444 
1 0.336198 0.705556 0.027604 0.051852 
1 0.224479 0.655556 0.023958 0.027778 
1 0.240104 0.547222 0.045833 0.038889 
1 0.354167 0.46713 0.023958 0.058333 
1 0.202865 0.275 0.110937 0.22037 
