1 0.659539 0.256944 0.019737 0.012037 
1 0.691612 0.250926 0.018092 0.012963 
1 0.716283 0.022222 0.018092 0.018519 
1 0.757401 0.063889 0.018092 0.016667 
1 0.810855 0.043056 0.019737 0.013889 
1 0.902961 0.025463 0.019737 0.017593 
1 0.946546 0.090741 0.018092 0.018519 
1 0.916941 0.142593 0.021382 0.018519 
1 0.856908 0.1625 0.026316 0.012037 
1 0.916118 0.175 0.019737 0.009259 
1 0.971217 0.16713 0.018092 0.017593 
1 0.023849 0.496296 0.014803 0.014815 
1 0.862664 0.217593 0.024671 0.014815 
1 0.921875 0.210185 0.021382 0.014815 
1 0.720395 0.297222 0.026316 0.011111 
1 0.833059 0.300463 0.021382 0.013889 
1 0.835526 0.243981 0.023026 0.013889 
1 0.364309 0.295833 0.027961 0.008333 
1 0.246711 0.314815 0.019737 0.009259 
1 0.250822 0.415278 0.021382 0.006481 
1 0.51398 0.32963 0.03125 0.009259 
1 0.522204 0.343519 0.024671 0.009259 
1 0.455592 0.408333 0.023026 0.009259 
1 0.577303 0.453704 0.026316 0.009259 
1 0.799342 0.356944 0.019737 0.012037 
1 0.969572 0.240278 0.021382 0.015741 
1 0.922697 0.251852 0.013158 0.005556 
1 0.635691 0.307407 0.011513 0.005556 
1 0.152138 0.310648 0.011513 0.006481 
1 0.703947 0.343519 0.013158 0.007407 
1 0.902961 0.322222 0.013158 0.007407 
1 0.962171 0.379167 0.009868 0.008333 
1 0.685033 0.379167 0.014803 0.010185 
1 0.70477 0.360185 0.011513 0.003704 
1 0.26727 0.376389 0.011513 0.00463 
1 0.393914 0.399074 0.018092 0.011111 
1 0.382401 0.400926 0.011513 0.007407 
1 0.697368 0.415278 0.013158 0.006481 
1 0.713816 0.426389 0.009868 0.010185 
1 0.621711 0.431944 0.009868 0.006481 
1 0.883224 0.387963 0.013158 0.007407 
1 0.895559 0.418056 0.011513 0.008333 
1 0.841283 0.4 0.011513 0.005556 
1 0.809211 0.419444 0.013158 0.007407 
1 0.856908 0.431944 0.013158 0.006481 
1 0.824836 0.449537 0.014803 0.006481 
1 0.707237 0.468519 0.016447 0.007407 
1 0.664474 0.468981 0.016447 0.00463 
1 0.67352 0.488426 0.018092 0.010185 
1 0.094572 0.458796 0.014803 0.00463 
1 0.171875 0.457407 0.011513 0.003704 
1 0.118421 0.504167 0.016447 0.010185 
1 0.186678 0.496759 0.018092 0.006481 
1 0.439145 0.515741 0.016447 0.005556 
1 0.492599 0.506944 0.011513 0.006481 
1 0.754934 0.516204 0.013158 0.006481 
1 0.759046 0.527778 0.014803 0.007407 
1 0.788651 0.543056 0.011513 0.006481 
1 0.910362 0.561111 0.011513 0.005556 
1 0.959704 0.560185 0.014803 0.003704 
1 0.319901 0.537963 0.011513 0.005556 
1 0.342928 0.557407 0.008224 0.003704 
1 0.375 0.5625 0.016447 0.008333 
1 0.922697 0.499537 0.016447 0.00463 
1 0.1875 0.513426 0.009868 0.006481 
1 0.186678 0.523148 0.008224 0.005556 
1 0.472862 0.494444 0.018092 0.003704 
1 0.40625 0.570833 0.013158 0.008333 
1 0.592105 0.590278 0.009868 0.006481 
1 0.650493 0.633796 0.024671 0.00463 
1 0.0625 0.587037 0.016447 0.007407 
1 0.11102 0.614815 0.014803 0.011111 
1 0.091283 0.656019 0.011513 0.008333 
1 0.0625 0.66713 0.023026 0.006481 
1 0.032895 0.666667 0.013158 0.007407 
1 0.3125 0.711111 0.013158 0.005556 
1 0.415296 0.70463 0.014803 0.005556 
1 0.574836 0.747685 0.008224 0.006481 
1 0.708882 0.607407 0.016447 0.009259 
1 0.765625 0.625463 0.008224 0.00463 
1 0.771382 0.639352 0.009868 0.006481 
1 0.445724 0.588889 0.009868 0.005556 
1 0.268914 0.583796 0.011513 0.006481 
1 0.153783 0.605093 0.011513 0.008333 
1 0.176809 0.606944 0.008224 0.00463 
1 0.199013 0.62963 0.013158 0.007407 
1 0.169408 0.64213 0.009868 0.00463 
1 0.370066 0.627778 0.009868 0.003704 
1 0.507401 0.627315 0.011513 0.006481 
1 0.566612 0.644444 0.011513 0.007407 
1 0.412007 0.671759 0.011513 0.006481 
1 0.505757 0.65 0.011513 0.007407 
1 0.608553 0.634722 0.009868 0.006481 
1 0.620066 0.662963 0.013158 0.005556 
1 0.264803 0.680556 0.006579 0.005556 
1 0.228618 0.7 0.016447 0.005556 
1 0.711349 0.691204 0.018092 0.00463 
1 0.462171 0.799074 0.009868 0.003704 
1 0.519737 0.740278 0.006579 0.00463 
1 0.367599 0.740278 0.008224 0.00463 
1 0.355263 0.749074 0.013158 0.005556 
1 0.227796 0.766667 0.008224 0.005556 
1 0.183388 0.77963 0.008224 0.003704 
1 0.160362 0.78287 0.008224 0.002778 
1 0.148849 0.727315 0.008224 0.00463 
1 0.155428 0.725463 0.011513 0.00463 
1 0.084704 0.731944 0.011513 0.00463 
1 0.085526 0.755556 0.013158 0.003704 
1 0.009046 0.784259 0.014803 0.003704 
1 0.175987 0.722222 0.006579 0.005556 
1 0.590461 0.6875 0.009868 0.006481 
1 0.044408 0.775463 0.013158 0.006481 
1 0.067434 0.767593 0.016447 0.005556 
1 0.287829 0.740278 0.013158 0.006481 
1 0.288651 0.753241 0.014803 0.006481 
1 0.050987 0.724074 0.013158 0.007407 
1 0.981908 0.59213 0.013158 0.010185 
1 0.824013 0.589815 0.013158 0.005556 
1 0.480263 0.627315 0.009868 0.006481 
1 0.332237 0.591204 0.013158 0.00463 
1 0.495888 0.103241 0.03125 0.015741 
1 0.703125 0.12963 0.021382 0.016667 
1 0.730263 0.156481 0.023026 0.014815 
1 0.731908 0.173148 0.023026 0.009259 
1 0.667763 0.197685 0.023026 0.012037 
1 0.794408 0.223611 0.026316 0.012037 
1 0.268914 0.224074 0.024671 0.011111 
1 0.412007 0.261574 0.024671 0.010185 
1 0.442434 0.259722 0.023026 0.012037 
1 0.540296 0.263426 0.024671 0.013889 
1 0.583059 0.255556 0.021382 0.011111 
