1 0.646615 0.470833 0.020313 0.010185 
1 0.785937 0.450463 0.022917 0.015741 
1 0.888542 0.413426 0.025 0.028704 
1 0.604427 0.608333 0.020313 0.027778 
1 0.51276 0.609722 0.008854 0.017593 
1 0.498437 0.613426 0.023958 0.015741 
1 0.495052 0.568981 0.024479 0.015741 
1 0.440365 0.545833 0.014063 0.025 
1 0.43125 0.539815 0.016667 0.062963 
1 0.333594 0.589815 0.010937 0.009259 
1 0.375 0.596759 0.015625 0.015741 
1 0.211719 0.645833 0.020313 0.013889 
1 0.089844 0.70463 0.026562 0.022222 
1 0.144792 0.613889 0.0125 0.027778 
1 0.18151 0.591204 0.009896 0.015741 
1 0.246094 0.558796 0.011979 0.006481 
1 0.275781 0.534259 0.017188 0.018519 
1 0.354427 0.546759 0.021354 0.017593 
1 0.353906 0.523148 0.011979 0.016667 
1 0.386458 0.480093 0.020833 0.013889 
1 0.26849 0.431944 0.018229 0.019444 
1 0.385677 0.396296 0.019271 0.022222 
1 0.622656 0.337037 0.018229 0.009259 
1 0.084375 0.486111 0.021875 0.018519 
1 0.051042 0.512037 0.025 0.037037 
1 0.178906 0.630093 0.016146 0.030556 
1 0.653646 0.485185 0.013542 0.014815 
1 0.941667 0.605093 0.009375 0.010185 
1 0.132812 0.0875 0.060417 0.050926 
1 0.2125 0.104167 0.008333 0.008333 
1 0.286458 0.175926 0.027083 0.051852 
1 0.26276 0.199537 0.023438 0.019444 
1 0.114323 0.210185 0.031771 0.027778 
1 0.020313 0.399074 0.022917 0.014815 
1 0.176823 0.393981 0.017188 0.019444 
1 0.292969 0.276389 0.030729 0.028704 
1 0.342448 0.150463 0.009896 0.010185 
1 0.398177 0.266667 0.025521 0.033333 
1 0.424219 0.304167 0.023438 0.037963 
1 0.460677 0.29537 0.027604 0.011111 
1 0.5125 0.331481 0.023958 0.022222 
1 0.484115 0.351389 0.020313 0.017593 
1 0.602604 0.226389 0.032292 0.026852 
1 0.620833 0.193981 0.026042 0.021296 
1 0.702344 0.102315 0.023438 0.026852 
1 0.61901 0.176389 0.023438 0.010185 
1 0.704688 0.348148 0.028125 0.027778 
1 0.663281 0.373148 0.017188 0.016667 
1 0.792448 0.556481 0.023438 0.025926 
1 0.707031 0.574537 0.007812 0.015741 
1 0.639583 0.552315 0.021875 0.028704 
1 0.779687 0.683333 0.030208 0.022222 
1 0.719271 0.762963 0.014583 0.035185 
1 0.541146 0.490741 0.014583 0.009259 
1 0.576302 0.515278 0.031771 0.013889 
1 0.630469 0.474074 0.017188 0.022222 
