1 0.698177 0.126852 0.010937 0.014815 
1 0.658854 0.535185 0.008333 0.011111 
1 0.886979 0.911574 0.042708 0.023148 
1 0.642708 0.874537 0.058333 0.026852 
1 0.555469 0.85463 0.060937 0.096296 
1 0.385156 0.688426 0.088021 0.063889 
1 0.351823 0.643519 0.048438 0.062963 
1 0.234896 0.584722 0.034375 0.023148 
1 0.390365 0.585185 0.031771 0.033333 
1 0.584375 0.581944 0.089583 0.065741 
1 0.60026 0.487963 0.063021 0.044444 
1 0.499219 0.504167 0.014063 0.028704 
1 0.440885 0.42963 0.011979 0.031481 
1 0.335938 0.486574 0.017708 0.023148 
1 0.20651 0.456944 0.015104 0.010185 
1 0.07526 0.375463 0.085938 0.178704 
1 0.389062 0.277778 0.047917 0.031481 
1 0.453385 0.247685 0.044271 0.075 
1 0.334115 0.189815 0.051562 0.055556 
1 0.370833 0.088889 0.070833 0.142593 
1 0.944531 0.401852 0.083854 0.042593 
1 0.911458 0.513889 0.091667 0.135185 
1 0.88099 0.066204 0.052604 0.037963 
1 0.660937 0.09537 0.046875 0.053704 
1 0.45 0.07037 0.040625 0.107407 
1 0.688021 0.275463 0.072917 0.130556 
1 0.804167 0.206481 0.084375 0.038889 
1 0.938021 0.203241 0.0375 0.013889 
1 0.952344 0.252778 0.031771 0.025926 
