1 0.430909 0.081967 0.025455 0.032787 
1 0.263636 0.256831 0.018182 0.032787 
1 0.303636 0.265027 0.018182 0.027322 
1 0.290909 0.311475 0.021818 0.021858 
1 0.289091 0.47541 0.010909 0.021858 
1 0.198182 0.535519 0.010909 0.021858 
1 0.2 0.677596 0.014545 0.021858 
1 0.543636 0.439891 0.018182 0.016393 
1 0.210909 0.418033 0.021818 0.016393 
1 0.418182 0.647541 0.014545 0.016393 
1 0.352727 0.071038 0.029091 0.043716 
1 0.098182 0.147541 0.029091 0.043716 
1 0.232727 0.15847 0.029091 0.021858 
