1 0.127344 0.095833 0.006771 0.008333 
1 0.289583 0.430093 0.045833 0.030556 
1 0.235937 0.487963 0.029167 0.022222 
1 0.278385 0.946296 0.052604 0.061111 
1 0.358594 0.970833 0.032813 0.017593 
1 0.63125 0.952315 0.06875 0.032407 
1 0.783073 0.923148 0.063021 0.042593 
1 0.921615 0.802315 0.057813 0.015741 
1 0.85651 0.69537 0.051562 0.088889 
1 0.689323 0.660185 0.055729 0.033333 
1 0.746615 0.511111 0.054688 0.044444 
1 0.60625 0.549537 0.054167 0.034259 
1 0.732552 0.131944 0.067187 0.034259 
1 0.628125 0.235648 0.048958 0.073148 
1 0.583594 0.228241 0.015104 0.013889 
1 0.030208 0.948611 0.00625 0.012037 
1 0.016406 0.710185 0.008854 0.016667 
1 0.013021 0.597222 0.00625 0.009259 
1 0.127083 0.543981 0.008333 0.019444 
1 0.160677 0.473611 0.020313 0.010185 
1 0.166927 0.302315 0.018229 0.015741 
