1 0.494545 0.81694 0.029091 0.016393 
1 0.485455 0.377049 0.04 0.043716 
1 0.341818 0.431694 0.029091 0.032787 
1 0.341818 0.5 0.036364 0.027322 
1 0.509091 0.491803 0.014545 0.043716 
1 0.556364 0.374317 0.029091 0.016393 
1 0.665455 0.275956 0.029091 0.027322 
1 0.472727 0.213115 0.036364 0.021858 
1 0.330909 0.265027 0.029091 0.027322 
1 0.790909 0.144809 0.025455 0.060109 
1 0.650909 0.131148 0.014545 0.021858 
1 0.46 0.021858 0.04 0.021858 
1 0.914545 0.021858 0.025455 0.032787 
1 0.958182 0.191257 0.018182 0.054645 
1 0.785455 0.379781 0.029091 0.027322 
1 0.814545 0.54918 0.029091 0.04918 
1 0.907273 0.622951 0.025455 0.032787 
1 0.801818 0.830601 0.010909 0.054645 
1 0.772727 0.863388 0.018182 0.043716 
1 0.734545 0.579235 0.029091 0.032787 
1 0.656364 0.601093 0.010909 0.054645 
1 0.638182 0.710383 0.025455 0.043716 
1 0.603636 0.685792 0.029091 0.027322 
1 0.327273 0.830601 0.029091 0.032787 
1 0.345455 0.939891 0.014545 0.021858 
1 0.334545 0.696721 0.029091 0.027322 
1 0.129091 0.819672 0.025455 0.021858 
1 0.183636 0.472678 0.010909 0.027322 
1 0.094545 0.535519 0.021818 0.021858 
1 0.094545 0.193989 0.014545 0.038251 
1 0.147273 0.122951 0.025455 0.071038 
1 0.363636 0.254098 0.021818 0.027322 
1 0.369091 0.265027 0.032727 0.027322 
