1 0.542188 0.669444 0.102083 0.085185 
1 0.558594 0.543981 0.016146 0.021296 
1 0.720833 0.34537 0.0125 0.007407 
1 0.695833 0.936111 0.155208 0.127778 
1 0.634375 0.879167 0.132292 0.191667 
1 0.871354 0.941204 0.069792 0.037963 
1 0.854427 0.783796 0.009896 0.008333 
1 0.763802 0.363426 0.007812 0.008333 
1 0.878646 0.75 0.007292 0.012963 
1 0.819271 0.780093 0.004167 0.012037 
1 0.55599 0.085185 0.180729 0.122222 
1 0.567187 0.383333 0.128125 0.064815 
1 0.104688 0.313889 0.092708 0.127778 
1 0.052865 0.738889 0.105729 0.096296 
1 0.030469 0.830556 0.060937 0.075926 
