1 0.647541 0.423636 0.027322 0.018182 
1 0.587432 0.429091 0.027322 0.014545 
1 0.581967 0.405455 0.027322 0.010909 
1 0.52459 0.412727 0.021858 0.010909 
1 0.486339 0.434545 0.021858 0.010909 
1 0.483607 0.381818 0.027322 0.014545 
1 0.439891 0.412727 0.027322 0.010909 
1 0.39071 0.421818 0.027322 0.014545 
1 0.374317 0.387273 0.027322 0.010909 
1 0.743169 0.416364 0.054645 0.018182 
1 0.666667 0.401818 0.032787 0.010909 
1 0.243169 0.447273 0.027322 0.014545 
1 0.322404 0.441818 0.032787 0.018182 
1 0.319672 0.42 0.027322 0.010909 
