1 0.383073 0.621759 0.026562 0.028704 
1 0.86875 0.252315 0.035417 0.037963 
1 0.938021 0.244444 0.061458 0.062963 
1 0.872917 0.481019 0.0375 0.034259 
1 0.858854 0.65463 0.079167 0.042593 
1 0.832552 0.746759 0.030729 0.062037 
1 0.684635 0.691667 0.024479 0.02963 
1 0.723698 0.852778 0.072396 0.035185 
1 0.656771 0.835185 0.058333 0.109259 
1 0.465365 0.726389 0.033854 0.050926 
1 0.480469 0.640741 0.061979 0.12963 
1 0.033594 0.199074 0.065104 0.103704 
1 0.233073 0.347222 0.035937 0.038889 
1 0.35026 0.202315 0.054688 0.09537 
1 0.469271 0.381481 0.027083 0.05 
1 0.575521 0.427778 0.052083 0.05 
1 0.715885 0.372222 0.032813 0.040741 
1 0.713281 0.438889 0.051562 0.02963 
1 0.781771 0.352778 0.025 0.012963 
1 0.705469 0.222222 0.054688 0.07037 
1 0.66224 0.089352 0.048438 0.04537 
