1 0.439732 0.279018 0.075893 0.03125 
1 0.258929 0.377232 0.053571 0.03125 
1 0.316964 0.361607 0.053571 0.026786 
1 0.205357 0.40625 0.053571 0.017857 
1 0.167411 0.435268 0.058036 0.022321 
1 0.125 0.470982 0.053571 0.022321 
1 0.042411 0.466518 0.066964 0.022321 
1 0.075893 0.486607 0.044643 0.017857 
1 0.845982 0.486607 0.049107 0.017857 
1 0.904018 0.495536 0.058036 0.026786 
1 0.495536 0.209821 0.071429 0.035714 
1 0.591518 0.258929 0.075893 0.035714 
1 0.662946 0.308036 0.066964 0.026786 
1 0.743304 0.417411 0.075893 0.03125 
1 0.799107 0.455357 0.0625 0.017857 
1 0.377232 0.325893 0.075893 0.026786 
