1 0.8125 0.533482 0.026786 0.049107 
1 0.669643 0.553571 0.017857 0.035714 
1 0.580357 0.553571 0.026786 0.035714 
1 0.53125 0.535714 0.026786 0.026786 
1 0.455357 0.535714 0.026786 0.035714 
1 0.34375 0.535714 0.026786 0.035714 
1 0.247768 0.535714 0.022321 0.035714 
1 0.301339 0.459821 0.022321 0.035714 
1 0.381696 0.390625 0.022321 0.040179 
1 0.470982 0.325893 0.03125 0.044643 
1 0.508929 0.276786 0.035714 0.044643 
1 0.551339 0.216518 0.03125 0.040179 
2 0.578125 0.386161 0.691964 0.379464 
1 0.910714 0.522321 0.017857 0.035714 
