1 0.794271 0.694444 0.029167 0.018519 
1 0.680729 0.573611 0.010417 0.019444 
1 0.627865 0.362037 0.018229 0.014815 
1 0.610938 0.462963 0.011458 0.014815 
1 0.504427 0.451389 0.016146 0.013889 
1 0.584635 0.496296 0.020313 0.007407 
1 0.584896 0.50787 0.028125 0.013889 
1 0.641146 0.541204 0.021875 0.030556 
1 0.644792 0.566667 0.021875 0.038889 
1 0.521094 0.599537 0.025521 0.015741 
1 0.492708 0.597222 0.007292 0.022222 
1 0.467187 0.522685 0.0125 0.032407 
1 0.479948 0.571759 0.026562 0.017593 
1 0.415365 0.593519 0.016146 0.02037 
1 0.420312 0.498148 0.035417 0.027778 
1 0.40651 0.47963 0.019271 0.024074 
1 0.429948 0.302778 0.023438 0.024074 
1 0.34974 0.561111 0.021354 0.014815 
1 0.309896 0.546759 0.01875 0.015741 
1 0.294271 0.516204 0.010417 0.019444 
1 0.272396 0.45463 0.016667 0.016667 
1 0.171875 0.405093 0.021875 0.015741 
1 0.038542 0.411111 0.025 0.012963 
1 0.1125 0.506019 0.017708 0.019444 
1 0.042969 0.553241 0.033854 0.012037 
1 0.153125 0.536574 0.011458 0.037963 
1 0.167708 0.591204 0.015625 0.012037 
1 0.134896 0.618056 0.010417 0.019444 
1 0.27526 0.656944 0.018229 0.013889 
1 0.126562 0.73287 0.015625 0.015741 
1 0.482552 0.832407 0.018229 0.016667 
1 0.677865 0.637037 0.021354 0.068519 
1 0.752344 0.74213 0.009896 0.017593 
1 0.25651 0.677778 0.014063 0.012963 
1 0.080729 0.184259 0.029167 0.035185 
1 0.167448 0.208333 0.056771 0.037037 
1 0.23099 0.198148 0.030729 0.037037 
1 0.26901 0.187963 0.027604 0.02037 
1 0.329688 0.15463 0.009375 0.009259 
1 0.395573 0.022222 0.009896 0.016667 
1 0.657552 0.099537 0.019271 0.021296 
1 0.642448 0.177315 0.022396 0.012037 
1 0.628646 0.193519 0.027083 0.02037 
1 0.63776 0.220833 0.027604 0.023148 
1 0.373958 0.245833 0.021875 0.039815 
1 0.31901 0.240741 0.020313 0.038889 
1 0.202344 0.1 0.009896 0.011111 
1 0.229687 0.277778 0.035417 0.033333 
1 0.350521 0.387963 0.026042 0.027778 
1 0.504167 0.32963 0.023958 0.016667 
1 0.473177 0.366667 0.018229 0.025926 
1 0.439844 0.289352 0.024479 0.013889 
1 0.672917 0.325 0.025 0.031481 
1 0.595313 0.3375 0.017708 0.010185 
1 0.832812 0.414815 0.019792 0.02037 
1 0.941406 0.413889 0.024479 0.02963 
1 0.975521 0.536574 0.014583 0.017593 
1 0.95599 0.619444 0.016146 0.014815 
1 0.77526 0.55 0.025521 0.035185 
