1 0.316146 0.586574 0.014583 0.026852 
1 0.066927 0.718519 0.009896 0.012963 
1 0.511198 0.705556 0.014063 0.009259 
1 0.483594 0.655556 0.007812 0.025926 
1 0.477344 0.631481 0.023438 0.018519 
1 0.891667 0.925463 0.034375 0.097222 
1 0.875521 0.648148 0.021875 0.018519 
1 0.859115 0.583333 0.023438 0.066667 
1 0.770052 0.587963 0.020313 0.031481 
1 0.815625 0.5125 0.019792 0.012037 
1 0.76224 0.472222 0.025521 0.025926 
1 0.65651 0.44213 0.026562 0.010185 
1 0.366406 0.650463 0.028646 0.023148 
1 0.127083 0.112037 0.03125 0.024074 
1 0.216146 0.035185 0.00625 0.009259 
1 0.345573 0.144907 0.006771 0.012037 
1 0.494792 0.182407 0.020833 0.022222 
1 0.461458 0.203704 0.010417 0.007407 
1 0.62526 0.125463 0.029687 0.028704 
1 0.607812 0.050926 0.041667 0.055556 
1 0.733333 0.274537 0.023958 0.025 
1 0.914583 0.275926 0.022917 0.027778 
1 0.811458 0.343981 0.019792 0.013889 
1 0.754167 0.394444 0.014583 0.022222 
1 0.694271 0.358796 0.026042 0.023148 
1 0.691406 0.402778 0.021354 0.035185 
1 0.555729 0.33287 0.014583 0.025 
1 0.495312 0.39537 0.019792 0.018519 
1 0.378646 0.352778 0.016667 0.025926 
1 0.289323 0.337963 0.017188 0.024074 
1 0.25 0.355093 0.023958 0.036111 
1 0.1 0.34537 0.021875 0.016667 
1 0.10026 0.41713 0.038021 0.037963 
1 0.171615 0.472222 0.008854 0.031481 
1 0.170833 0.516204 0.009375 0.013889 
1 0.158073 0.530093 0.027604 0.013889 
1 0.122917 0.650463 0.016667 0.032407 
1 0.303646 0.468519 0.010417 0.012963 
1 0.282292 0.539815 0.013542 0.018519 
1 0.305208 0.552315 0.0125 0.010185 
1 0.369792 0.540278 0.01875 0.013889 
1 0.45599 0.489815 0.023438 0.009259 
1 0.500521 0.488889 0.017708 0.048148 
1 0.489844 0.42963 0.023438 0.014815 
1 0.55599 0.557407 0.016146 0.042593 
1 0.660937 0.571296 0.019792 0.016667 
1 0.679948 0.534722 0.023438 0.017593 
1 0.666927 0.639815 0.031771 0.031481 
1 0.440104 0.581944 0.028125 0.019444 
1 0.385417 0.625926 0.026042 0.037037 
