1 0.089063 0.628241 0.047917 0.021296 
1 0.594271 0.770833 0.011458 0.010185 
1 0.832552 0.956019 0.021354 0.021296 
1 0.804948 0.785185 0.011979 0.011111 
1 0.589323 0.845833 0.026562 0.023148 
1 0.376042 0.877778 0.0375 0.074074 
1 0.541406 0.855093 0.057813 0.036111 
1 0.672917 0.594907 0.010417 0.013889 
1 0.704167 0.558796 0.041667 0.039815 
1 0.558854 0.609722 0.079167 0.052778 
1 0.406771 0.583333 0.022917 0.009259 
1 0.411979 0.599074 0.022917 0.081481 
1 0.490625 0.492593 0.058333 0.046296 
1 0.605729 0.368981 0.033333 0.023148 
1 0.585156 0.216667 0.056771 0.037037 
1 0.486719 0.17037 0.049479 0.059259 
1 0.314583 0.308796 0.060417 0.058333 
1 0.242969 0.393981 0.063021 0.030556 
1 0.156771 0.458796 0.042708 0.030556 
1 0.21875 0.822685 0.042708 0.025 
1 0.079427 0.960185 0.032813 0.057407 
1 0.111198 0.8 0.035937 0.024074 
1 0.040625 0.803704 0.054167 0.061111 
1 0.06901 0.714815 0.010937 0.007407 
1 0.046615 0.384722 0.036979 0.021296 
1 0.034115 0.118519 0.029687 0.022222 
1 0.065625 0.14213 0.0375 0.05463 
