1 0.42474 0.406944 0.038021 0.073148 
1 0.58776 0.435648 0.013021 0.012037 
1 0.623437 0.265741 0.014583 0.011111 
1 0.777344 0.216204 0.135937 0.084259 
1 0.783854 0.450926 0.127083 0.144444 
1 0.886198 0.440741 0.040104 0.046296 
1 0.357552 0.52963 0.094271 0.068519 
1 0.263021 0.411111 0.070833 0.090741 
1 0.152865 0.296759 0.129688 0.149074 
1 0.1375 0.323611 0.175 0.062037 
1 0.04974 0.391667 0.099479 0.140741 
1 0.053125 0.465741 0.046875 0.088889 
1 0.095573 0.485648 0.042188 0.012037 
1 0.15026 0.725 0.117188 0.137037 
1 0.221875 0.708796 0.063542 0.106481 
1 0.65026 0.876852 0.160938 0.216667 
1 0.690625 0.6625 0.064583 0.073148 
1 0.938021 0.841204 0.077083 0.143519 
