1 0.359375 0.066667 0.021382 0.014815 
1 0.028783 0.631481 0.014803 0.007407 
1 0.01727 0.725926 0.011513 0.007407 
1 0.893914 0.574074 0.014803 0.007407 
1 0.796053 0.584722 0.019737 0.008333 
1 0.747533 0.702315 0.018092 0.010185 
1 0.696546 0.699074 0.018092 0.005556 
1 0.005757 0.8 0.011513 0.011111 
1 0.621711 0.725 0.016447 0.007407 
1 0.800164 0.725 0.014803 0.011111 
2 0.529605 0.667593 0.032895 0.02037 
2 0.227796 0.799074 0.110197 0.042593 
2 0.396382 0.801389 0.059211 0.043519 
2 0.495888 0.778241 0.09375 0.028704 
1 0.319079 0.824537 0.016447 0.008333 
1 0.387336 0.743519 0.024671 0.011111 
1 0.453125 0.673611 0.018092 0.010185 
1 0.510691 0.732407 0.018092 0.009259 
1 0.550987 0.734259 0.023026 0.011111 
1 0.495888 0.825926 0.014803 0.007407 
1 0.561678 0.823148 0.018092 0.011111 
1 0.310855 0.847685 0.029605 0.008333 
1 0.028783 0.897222 0.014803 0.007407 
1 0.254934 0.94213 0.023026 0.006481 
1 0.291118 0.931944 0.019737 0.006481 
1 0.113487 0.988889 0.023026 0.005556 
1 0.231908 0.781944 0.013158 0.010185 
1 0.498355 0.772222 0.016447 0.007407 
1 0.458882 0.768519 0.019737 0.011111 
1 0.03125 0.712037 0.016447 0.012963 
1 0.134046 0.590278 0.018092 0.012037 
1 0.018914 0.518981 0.014803 0.008333 
1 0.508224 0.568056 0.026316 0.010185 
1 0.338816 0.473611 0.016447 0.010185 
1 0.67352 0.436574 0.014803 0.012037 
1 0.652138 0.414815 0.021382 0.012963 
1 0.955592 0.039352 0.019737 0.012037 
