1 0.094271 0.136574 0.038542 0.032407 
1 0.91276 0.743056 0.026562 0.023148 
1 0.457813 0.559722 0.008333 0.028704 
1 0.470052 0.547685 0.008854 0.030556 
1 0.481771 0.619907 0.010417 0.008333 
1 0.51875 0.66713 0.00625 0.015741 
1 0.514583 0.642593 0.021875 0.02037 
1 0.629948 0.493519 0.025521 0.014815 
1 0.600521 0.611574 0.020833 0.017593 
1 0.642708 0.619907 0.027083 0.015741 
1 0.702083 0.577778 0.022917 0.007407 
1 0.819792 0.64537 0.011458 0.024074 
1 0.791927 0.543056 0.026562 0.015741 
1 0.789583 0.527778 0.019792 0.033333 
1 0.821354 0.516204 0.015625 0.010185 
1 0.434635 0.485185 0.022396 0.009259 
1 0.428906 0.541204 0.020313 0.013889 
1 0.41875 0.618519 0.019792 0.02963 
1 0.402344 0.694444 0.015104 0.072222 
1 0.366146 0.672685 0.015625 0.026852 
1 0.373177 0.594907 0.009896 0.028704 
1 0.29974 0.569444 0.009896 0.009259 
1 0.072396 0.722222 0.0375 0.046296 
1 0.216667 0.583796 0.013542 0.015741 
1 0.2375 0.561111 0.008333 0.025926 
1 0.157031 0.537963 0.026562 0.016667 
1 0.063021 0.5 0.014583 0.016667 
1 0.125521 0.497222 0.010417 0.014815 
1 0.138281 0.405556 0.004687 0.011111 
1 0.14349 0.293981 0.026562 0.021296 
1 0.160677 0.365278 0.021354 0.015741 
1 0.253906 0.450926 0.010937 0.014815 
1 0.303125 0.431481 0.019792 0.024074 
1 0.427604 0.394444 0.017708 0.012963 
1 0.410417 0.384722 0.01875 0.030556 
1 0.68099 0.430093 0.025521 0.012037 
1 0.673958 0.404167 0.019792 0.019444 
1 0.651563 0.372685 0.014583 0.013889 
1 0.679948 0.377778 0.030729 0.027778 
1 0.683594 0.352315 0.021354 0.019444 
1 0.772396 0.356481 0.023958 0.011111 
1 0.681771 0.301852 0.017708 0.014815 
1 0.59974 0.250926 0.019271 0.016667 
1 0.448698 0.333333 0.019271 0.031481 
1 0.528906 0.2 0.024479 0.02037 
1 0.584375 0.243519 0.022917 0.02963 
1 0.705469 0.117593 0.033854 0.035185 
1 0.565885 0.122222 0.036979 0.046296 
1 0.401823 0.066204 0.023438 0.017593 
1 0.309375 0.139352 0.009375 0.012037 
1 0.186719 0.038426 0.007812 0.006481 
1 0.116146 0.156019 0.021875 0.030556 
