1 0.861719 0.687037 0.014063 0.012963 
1 0.894792 0.58287 0.01875 0.030556 
1 0.859375 0.515278 0.041667 0.069444 
1 0.698177 0.592593 0.033854 0.038889 
1 0.64401 0.613426 0.023438 0.041667 
1 0.557813 0.539815 0.030208 0.035185 
1 0.535677 0.436111 0.032813 0.057407 
1 0.486458 0.418056 0.036458 0.060185 
1 0.4375 0.42037 0.039583 0.046296 
1 0.364844 0.37963 0.041146 0.051852 
1 0.276562 0.285648 0.060417 0.050926 
1 0.143229 0.291667 0.0625 0.07037 
1 0.11901 0.120833 0.090104 0.093519 
2 0.86224 0.626852 0.034896 0.066667 
2 0.775781 0.559722 0.049479 0.056481 
