1 0.846875 0.091667 0.038542 0.059259 
1 0.115365 0.658796 0.013021 0.017593 
1 0.05 0.676389 0.069792 0.041667 
1 0.392708 0.241667 0.041667 0.046296 
1 0.250781 0.330556 0.032813 0.027778 
1 0.196354 0.287037 0.044792 0.068519 
1 0.099479 0.365741 0.027083 0.038889 
1 0.034635 0.397222 0.025521 0.027778 
1 0.838021 0.470833 0.05 0.037963 
1 0.95026 0.553241 0.060937 0.032407 
1 0.842708 0.725 0.033333 0.022222 
1 0.628385 0.591204 0.013021 0.010185 
1 0.610938 0.750463 0.011458 0.021296 
1 0.372135 0.916204 0.029687 0.015741 
1 0.194531 0.906944 0.013021 0.010185 
1 0.195312 0.621296 0.025 0.014815 
