1 0.529091 0.639344 0.083636 0.043716 
1 0.496364 0.489071 0.090909 0.103825 
1 0.594545 0.431694 0.069091 0.10929 
1 0.609091 0.346995 0.047273 0.060109 
1 0.605455 0.551913 0.025455 0.043716 
1 0.681818 0.538251 0.054545 0.125683 
1 0.645455 0.639344 0.047273 0.065574 
1 0.696364 0.34153 0.018182 0.027322 
1 0.763636 0.346995 0.058182 0.04918 
1 0.863636 0.349727 0.04 0.076503 
1 0.950909 0.368852 0.076364 0.103825 
1 0.834545 0.420765 0.047273 0.087432 
1 0.674545 0.431694 0.076364 0.054645 
1 0.750909 0.513661 0.061818 0.054645 
1 0.729091 0.65847 0.032727 0.04918 
1 0.792727 0.603825 0.036364 0.103825 
1 0.854545 0.560109 0.043636 0.060109 
1 0.878182 0.650273 0.025455 0.043716 
1 0.883636 0.489071 0.043636 0.081967 
1 0.954545 0.505464 0.069091 0.081967 
1 0.323636 0.598361 0.050909 0.114754 
1 0.292727 0.491803 0.025455 0.032787 
1 0.363636 0.330601 0.029091 0.016393 
1 0.516364 0.338798 0.029091 0.065574 
1 0.445455 0.352459 0.054545 0.071038 
1 0.038182 0.379781 0.047273 0.060109 
1 0.052727 0.322404 0.025455 0.043716 
1 0.109091 0.349727 0.029091 0.054645 
1 0.212727 0.327869 0.032727 0.054645 
1 0.283636 0.407104 0.021818 0.071038 
1 0.214545 0.439891 0.029091 0.04918 
1 0.152727 0.407104 0.050909 0.04918 
1 0.098182 0.453552 0.029091 0.043716 
1 0.047273 0.469945 0.036364 0.054645 
1 0.176364 0.5 0.032727 0.060109 
1 0.027273 0.565574 0.032727 0.038251 
1 0.038182 0.655738 0.025455 0.043716 
1 0.103636 0.642077 0.025455 0.060109 
1 0.190909 0.628415 0.04 0.076503 
1 0.241818 0.54918 0.054545 0.038251 
1 0.265455 0.661202 0.036364 0.054645 
1 0.374545 0.439891 0.050909 0.081967 
1 0.370909 0.54918 0.029091 0.04918 
1 0.427273 0.584699 0.04 0.065574 
1 0.430909 0.669399 0.054545 0.038251 
