0 0.163021 0.642699 0.017708 0.024336 
0 0.236979 0.603982 0.017708 0.026549 
0 0.310937 0.551991 0.019792 0.028761 
0 0.402083 0.484513 0.01875 0.030973 
0 0.503125 0.446903 0.020833 0.030973 
0 0.606771 0.372788 0.019792 0.033186 
0 0.748437 0.295354 0.019792 0.037611 
0 0.239063 0.720133 0.015625 0.019912 
0 0.30625 0.676991 0.016667 0.022124 
0 0.372917 0.632743 0.016667 0.022124 
0 0.452604 0.586283 0.015625 0.026549 
0 0.546875 0.539823 0.016667 0.026549 
0 0.644271 0.47677 0.017708 0.028761 
0 0.746875 0.412611 0.016667 0.028761 
0 0.296354 0.77323 0.013542 0.015487 
0 0.359375 0.728982 0.014583 0.019912 
0 0.426042 0.698009 0.014583 0.019912 
0 0.494271 0.661504 0.015625 0.022124 
0 0.579688 0.613938 0.015625 0.024336 
0 0.672917 0.57854 0.014583 0.024336 
0 0.765104 0.530973 0.015625 0.026549 
0 0.341146 0.820796 0.013542 0.017699 
0 0.402604 0.79646 0.013542 0.017699 
0 0.467187 0.768805 0.013542 0.015487 
0 0.535937 0.678097 0.013542 0.019912 
0 0.383333 0.863938 0.0125 0.015487 
0 0.441667 0.835177 0.0125 0.015487 
0 0.41875 0.897124 0.010417 0.015487 
0 0.450521 0.931416 0.009375 0.013274 
0 0.473958 0.879425 0.0125 0.015487 
0 0.503125 0.910398 0.010417 0.015487 
0 0.5 0.807522 0.0125 0.017699 
0 0.532813 0.856195 0.011458 0.013274 
0 0.559896 0.891593 0.011458 0.013274 
0 0.565104 0.769912 0.011458 0.017699 
0 0.588021 0.830752 0.011458 0.015487 
0 0.615625 0.870575 0.010417 0.015487 
0 0.609375 0.695796 0.014583 0.019912 
0 0.639062 0.753319 0.013542 0.019912 
0 0.65625 0.803097 0.0125 0.017699 
0 0.677604 0.849558 0.011458 0.017699 
0 0.692708 0.642699 0.014583 0.024336 
0 0.713021 0.724558 0.013542 0.019912 
0 0.729167 0.761062 0.0125 0.017699 
0 0.747396 0.81969 0.011458 0.015487 
0 0.785417 0.617257 0.014583 0.022124 
0 0.805729 0.68031 0.013542 0.019912 
0 0.809375 0.745575 0.0125 0.017699 
0 0.822917 0.800885 0.0125 0.017699 
